0 593 1210.80 37.67
1 1615 39.35 505.25
2 344 109.25 429.40
3 345 109.25 455.43
4 346 109.99 348.35
5 347 1090.23 55.72
6 340 1088.27 132.08
7 341 1088.47 856.81
8 342 1089.53 1070.79
9 343 109.25 386.27
10 348 1091.42 817.72
11 349 1093.06 1442.93
12 1296 165.34 264.00
13 2318 758.42 284.90
14 2319 759.55 921.71
15 2316 757.70 679.36
16 2317 757.95 1506.43
17 2314 756.53 248.25
18 2315 757.56 141.31
19 2312 756.17 1269.20
20 2313 756.47 478.59
21 2310 755.54 564.15
22 2311 756.16 572.80
23 298 1068.30 690.90
24 299 1068.88 847.52
25 296 1067.78 1173.08
26 297 1068.03 1195.18
27 294 1066.58 536.66
28 295 1067.09 965.22
29 292 1065.40 712.36
30 293 1066.08 626.19
31 290 1064.73 529.24
32 291 1064.73 582.99
33 587 1208.74 202.94
34 2147 680.79 514.73
35 270 1058.32 24.67
36 271 1058.32 48.82
37 272 1058.44 805.76
38 273 1058.53 199.52
39 274 1058.75 10.01
40 275 1059.17 511.95
41 276 1059.22 1006.96
42 277 106.27 534.25
43 278 106.33 270.18
44 279 1060.04 1334.64
45 738 1280.36 54.19
46 1780 492.46 271.86
47 2146 680.25 278.28
48 2268 733.84 342.25
49 2269 734.27 111.56
50 1132 1474.56 266.75
51 2262 73.02 263.04
52 2263 73.78 854.20
53 2260 729.07 1504.19
54 2261 729.84 1095.53
55 2266 732.65 1165.15
56 2267 733.30 576.50
57 2264 73.83 98.14
58 2265 731.53 810.34
59 2442 81.18 676.68
60 2443 810.01 1359.63
61 2440 809.28 654.96
62 2441 809.69 1431.76
63 2446 810.21 482.29
64 2447 810.62 1227.17
65 2444 810.11 1202.95
66 1004 140.85 517.52
67 1137 1476.63 245.55
68 2448 810.83 1068.61
69 2449 810.86 1498.79
70 108 500.45 1506.43
71 109 519.11 0.74
72 102 40.76 373.59
73 103 416.96 1561.10
74 100 383.41 0.11
75 101 39.63 1560.00
76 106 492.22 1560.52
77 107 495.16 1469.98
78 104 438.83 0.11
79 105 454.03 0.56
80 2046 629.63 1293.70
81 2047 63.14 591.51
82 2044 628.66 1320.33
83 2045 629.53 1034.98
84 2042 628.34 216.44
85 2043 628.59 332.94
86 2040 628.02 1016.32
87 2041 628.34 156.10
88 2048 63.89 434.61
89 2049 630.11 1074.90
90 1373 216.98 320.39
91 1372 214.60 429.85
92 1210 1510.37 218.78
93 1375 219.74 648.55
94 2688 913.74 588.68
95 2689 913.75 1487.03
96 2684 911.07 1365.02
97 2685 911.45 1451.11
98 2686 911.92 1056.69
99 2687 912.76 802.70
100 2680 909.12 70.38
101 2681 91.03 780.07
102 2682 91.48 1442.69
103 2683 910.03 607.67
104 99 37.37 762.14
105 98 348.55 0.56
106 91 276.14 1.00
107 90 272.09 472.53
108 93 290.44 0.56
109 92 280.27 268.52
110 95 315.92 1.00
111 94 307.43 0.56
112 97 328.88 1.00
113 96 328.19 1559.93
114 1623 392.44 884.90
115 1990 606.54 1481.58
116 1993 608.35 443.20
117 1992 608.23 1248.32
118 1995 609.10 875.98
119 1994 608.36 746.18
120 1997 61.22 1419.84
121 1996 609.10 890.73
122 1999 610.91 239.68
123 1998 61.66 326.79
124 1629 40.09 520.86
125 1628 399.92 1375.91
126 2860 995.58 334.06
127 2861 996.66 656.38
128 2862 996.87 96.90
129 2863 997.48 915.73
130 559 1195.36 1440.00
131 2865 998.71 1096.56
132 2866 998.81 81.16
133 2867 999.24 817.72
134 555 1192.42 584.80
135 2869 999.98 1075.17
136 557 1192.46 993.24
137 556 1192.46 1084.37
138 551 1190.65 1261.27
139 550 1190.65 1153.10
140 553 1191.99 602.48
141 552 1191.35 233.82
142 2744 940.25 603.07
143 1439 266.75 37.21
144 1199 1503.67 963.83
145 1198 1502.94 344.36
146 1365 212.22 188.57
147 1191 1499.23 1351.93
148 1190 1499.01 463.70
149 1193 1499.70 379.19
150 1192 1499.61 983.56
151 1195 150.11 976.29
152 1194 150.11 706.92
153 1197 1500.19 845.49
154 1196 150.14 465.84
155 1759 485.04 520.34
156 1758 484.87 249.96
157 1757 484.64 359.68
158 1756 483.99 1458.22
159 1755 483.40 1434.12
160 1754 483.24 539.56
161 1753 482.24 139.37
162 1752 482.04 847.09
163 1751 481.59 194.78
164 1750 481.44 886.13
165 1177 1493.42 463.70
166 1176 1493.42 455.32
167 1175 1493.12 1194.17
168 1174 1492.84 1201.89
169 1173 1492.62 1368.15
170 1172 1492.36 716.42
171 1171 1491.66 1219.23
172 1170 1491.48 804.31
173 1179 1493.43 1186.02
174 1178 1493.43 1170.73
175 1007 1401.56 194.68
176 1006 1400.87 43.17
177 513 1172.48 130.73
178 1285 1556.51 83.12
179 1284 1556.33 1145.45
180 1287 159.44 511.57
181 1286 1557.51 1116.65
182 1281 1555.69 1220.80
183 1280 1555.12 1177.55
184 1283 1556.33 1075.49
185 1282 1555.74 1200.72
186 515 1173.23 341.39
187 1289 16.64 1548.18
188 1288 16.31 1324.20
189 514 1173.01 742.82
190 1579 364.31 655.48
191 1578 363.52 218.89
192 689 126.75 25.43
193 517 1174.17 722.51
194 685 1255.91 1072.55
195 684 1255.34 1169.63
196 687 1257.67 1096.66
197 686 1257.04 1088.00
198 681 1253.51 436.81
199 680 1252.97 1401.78
200 683 1254.15 1017.88
201 682 1253.56 1135.46
202 623 1227.78 518.39
203 1349 200.75 720.29
204 1225 1518.63 158.87
205 873 1338.22 1053.74
206 1224 1518.63 134.77
207 1223 1518.56 292.59
208 1222 1517.01 895.38
209 2037 626.80 798.54
210 625 1228.12 681.33
211 2036 626.69 136.35
212 1793 500.35 116.52
213 624 1228.02 171.26
214 2035 626.49 473.79
215 407 1125.27 528.01
216 1340 198.64 742.79
217 405 1125.00 1470.48
218 404 1123.87 802.23
219 403 1123.43 679.66
220 1374 217.63 844.77
221 1377 222.55 877.83
222 400 1121.28 1452.34
223 1379 223.54 1378.27
224 1378 223.02 479.97
225 1342 199.34 794.13
226 409 1126.82 928.34
227 408 1126.57 1529.36
228 1343 2.06 989.30
229 2747 942.76 72.54
230 1344 2.44 62.93
231 2192 699.47 155.15
232 2030 625.81 624.69
233 1345 2.58 1350.87
234 9 0.18 1522.42
235 1346 20.01 449.48
236 2748 943.19 235.53
237 457 1147.36 306.03
238 1018 1408.21 570.56
239 379 1111.23 698.44
240 516 1173.45 462.77
241 371 1104.82 1116.65
242 370 1103.16 20.79
243 373 1106.21 1043.26
244 2038 626.85 1507.60
245 375 1108.35 1494.08
246 374 1107.04 87.63
247 377 1109.83 195.41
248 376 1109.12 990.29
249 1019 1409.83 159.56
250 393 1118.04 316.38
251 392 1117.86 1057.63
252 391 1116.45 704.24
253 390 1115.29 716.42
254 397 1118.93 1349.46
255 396 1118.47 338.37
256 395 1118.42 210.29
257 394 1118.25 21.66
258 399 1119.55 623.17
259 398 1119.26 1301.33
260 895 1348.53 14.25
261 2309 755.40 106.82
262 2308 754.11 342.25
263 2301 748.58 1111.15
264 2300 748.49 809.61
265 2303 749.22 863.44
266 2302 748.72 268.07
267 2305 750.70 927.61
268 2304 750.23 74.05
269 2307 752.66 1395.31
270 2306 751.73 177.37
271 1246 1527.64 307.95
272 245 1041.56 582.19
273 244 1041.32 1382.38
274 247 1042.42 1376.90
275 246 1042.36 203.19
276 241 1039.40 608.94
277 240 1039.40 537.89
278 243 1040.54 716.68
279 242 1040.15 1206.60
280 249 1042.75 827.31
281 248 1042.49 457.58
282 2275 736.04 1198.57
283 2274 735.95 768.31
284 2277 738.55 1357.10
285 2276 737.42 969.64
286 2271 734.91 117.31
287 2270 734.31 301.71
288 2273 735.15 545.62
289 2272 735.02 1521.71
290 2279 738.90 990.29
291 2278 738.86 584.53
292 2459 816.20 220.65
293 2458 815.34 39.55
294 2455 812.75 340.09
295 2454 812.64 1160.58
296 2457 814.86 952.68
297 2456 813.90 1033.22
298 2451 811.89 349.15
299 2450 811.46 5.49
300 2453 812.13 1249.36
301 2452 812.03 1328.64
302 179 1013.25 729.22
303 178 1013.04 642.15
304 177 1012.61 58.31
305 176 1011.53 333.19
306 175 1011.10 342.68
307 174 1010.11 1429.03
308 2199 702.83 285.88
309 172 1009.13 441.52
310 171 1008.82 867.87
311 170 1008.76 1460.69
312 2051 631.55 1085.93
313 1502 306.44 1431.18
314 2053 632.73 76.42
315 2052 632.06 1109.13
316 2055 635.32 55.29
317 2054 632.91 256.19
318 2057 636.61 45.80
319 2056 635.67 1558.75
320 2059 637.86 930.32
321 2058 637.60 1129.31
322 654 1239.89 600.59
323 1501 306.24 710.44
324 1226 1518.63 178.15
325 652 1238.99 584.37
326 1507 309.76 808.90
327 1504 309.38 1519.95
328 1505 309.76 688.64
329 2157 682.90 51.98
330 1601 38.42 1463.56
331 2699 92.89 427.17
332 2698 919.55 488.47
333 2697 919.47 276.92
334 2696 918.61 44.51
335 2695 918.32 430.40
336 2694 918.18 232.08
337 2693 917.39 627.78
338 2692 917.28 1516.42
339 2691 917.28 1277.14
340 2690 916.69 1224.23
341 2405 795.38 450.79
342 1974 597.80 30.71
343 1605 384.04 1323.00
344 1972 597.11 306.69
345 1607 385.81 1491.14
346 1606 384.97 361.03
347 1968 593.74 1484.27
348 1969 593.92 49.25
349 1618 39.90 1554.98
350 1619 390.34 239.45
351 1616 39.69 798.35
352 1617 39.90 1337.03
353 1614 39.35 410.07
354 1967 593.62 1546.92
355 1960 589.81 1518.19
356 1613 389.54 871.72
357 1610 387.65 277.00
358 1611 388.74 1535.82
359 2153 682.05 373.78
360 1768 486.88 394.55
361 1769 486.93 1484.68
362 1762 485.91 235.31
363 1763 485.94 420.65
364 1760 485.75 1449.99
365 1761 485.75 1474.11
366 1766 486.77 206.85
367 1767 486.84 710.14
368 1764 485.94 440.65
369 1765 486.34 214.62
370 1142 1479.52 1308.23
371 1143 1479.88 869.86
372 1140 1477.36 238.11
373 1141 1478.05 222.75
374 1146 1480.15 556.59
375 1147 1480.15 596.40
376 1144 1480.07 158.18
377 1145 1480.07 177.46
378 1148 1480.28 1502.47
379 1149 1480.76 134.08
380 692 1260.61 914.53
381 1547 334.66 1391.79
382 1544 330.54 1299.49
383 691 1260.17 1360.94
384 1542 33.57 1422.45
385 697 1263.29 391.42
386 1540 329.75 1548.32
387 695 1262.93 934.25
388 698 1263.51 962.67
389 699 1263.99 329.95
390 1548 334.66 1487.62
391 1549 336.49 808.90
392 542 1188.04 1024.22
393 543 1188.97 394.64
394 540 1187.15 1031.31
395 541 1187.71 1538.18
396 546 1189.83 797.35
397 547 1190.26 25.97
398 544 1189.48 1201.89
399 545 1189.83 771.82
400 548 1190.41 759.06
401 549 1190.55 1380.89
402 1782 494.92 404.83
403 1783 496.04 128.16
404 766 1289.90 717.00
405 1785 497.05 686.12
406 1786 497.87 564.78
407 2388 788.17 74.05
408 1787 498.20 75.99
409 414 1130.69 1458.22
410 415 1132.06 508.86
411 416 1133.04 1515.25
412 417 1133.04 1531.12
413 1388 229.58 794.84
414 411 1128.92 1074.32
415 412 1129.51 1234.23
416 413 1130.11 320.69
417 1384 225.90 1338.74
418 1385 226.77 658.39
419 1386 228.25 1238.93
420 1387 228.91 423.80
421 1380 223.87 1169.23
422 1381 224.17 1398.68
423 1382 225.31 1321.24
424 1383 225.89 1254.80
425 1254 1533.09 9.43
426 2445 810.15 83.80
427 368 1102.73 622.74
428 369 1103.05 1425.89
429 366 1101.87 76.85
430 367 1102.30 103.15
431 364 1100.39 1336.72
432 365 1101.01 55.29
433 362 110.73 437.58
434 363 1100.27 892.21
435 360 11.91 1351.48
436 361 110.73 290.35
437 380 1111.24 1279.09
438 381 1111.85 1318.53
439 382 1112.46 1125.46
440 383 1112.97 680.46
441 384 1113.05 1360.04
442 385 1113.64 1405.31
443 386 1113.94 412.32
444 387 1115.02 744.71
445 388 1115.02 781.58
446 389 1115.02 791.17
447 900 1349.22 57.64
448 2190 697.90 260.83
449 2191 699.08 985.13
450 258 1049.39 846.48
451 2193 70.58 360.25
452 2194 70.58 613.81
453 2195 700.25 401.99
454 2196 701.79 498.05
455 2197 702.58 87.20
456 2198 702.69 1394.14
457 253 1044.98 1127.87
458 250 1043.01 118.46
459 251 1043.49 701.93
460 256 1048.19 84.39
461 257 1048.78 969.84
462 254 1047.03 1087.65
463 255 1048.19 173.65
464 2200 703.68 1081.39
465 2201 703.88 6.99
466 2202 703.89 1502.41
467 2203 703.96 385.92
468 2204 704.55 1515.88
469 2205 704.88 380.39
470 2206 705.45 742.17
471 2207 705.63 1287.73
472 2208 705.71 968.17
473 2209 706.22 1527.01
474 2433 806.28 44.72
475 2428 804.03 516.27
476 2429 804.03 534.19
477 2420 800.28 1429.41
478 2421 800.87 1496.43
479 2422 801.46 1468.22
480 2423 802.49 598.74
481 2424 802.49 607.39
482 2425 803.22 1453.52
483 2426 803.70 350.44
484 2427 803.77 404.31
485 1848 529.67 185.94
486 168 1008.52 355.19
487 169 1008.73 3.11
488 164 1007.23 1528.77
489 165 1008.08 289.64
490 166 1008.09 821.41
491 167 1008.40 1240.69
492 160 1005.40 1420.27
493 161 1005.71 677.07
494 162 1006.57 1373.45
495 163 1006.97 1047.24
496 2518 837.35 1031.96
497 2519 837.60 991.86
498 2514 834.77 837.63
499 2515 835.21 1478.97
500 2516 836.34 1202.45
501 2517 837.24 109.69
502 2510 833.02 22.73
503 908 1351.97 732.66
504 2512 833.62 599.33
505 2513 834.77 775.68
506 2734 935.43 50.98
507 2735 935.46 763.86
508 2736 935.50 1368.27
509 2737 936.09 1248.34
510 2730 934.32 1352.98
511 2731 934.91 1303.01
512 2732 934.91 1431.18
513 2733 935.00 471.17
514 2738 936.31 1061.85
515 2739 936.54 613.57
516 1090 1445.93 652.28
517 609 1219.07 137.52
518 1091 1449.42 483.96
519 1814 513.29 100.56
520 1815 513.88 377.48
521 1816 513.97 1296.55
522 1817 514.80 198.66
523 1810 51.99 340.17
524 1811 51.99 355.79
525 1812 510.05 1418.08
526 1813 511.36 1329.57
527 1818 514.81 1364.06
528 1819 515.07 334.14
529 1107 1459.41 103.78
530 921 1360.02 212.27
531 670 1247.09 1281.85
532 1087 1445.66 844.91
533 671 1247.83 1259.18
534 1609 387.21 255.54
535 1608 387.21 138.89
536 1979 60.17 418.25
537 1978 60.17 407.09
538 1977 60.03 825.46
539 1600 379.34 1418.24
540 1603 383.63 219.79
541 1602 382.16 429.71
542 1973 597.45 1283.02
543 1604 383.63 332.42
544 1971 596.56 883.36
545 1970 596.49 918.72
546 809 1308.23 1460.57
547 808 1307.90 48.68
548 803 1303.10 461.26
549 802 1303.10 308.30
550 801 1303.08 63.15
551 800 1302.66 689.74
552 807 1306.53 33.53
553 806 1305.84 27.34
554 805 1304.98 674.07
555 804 1303.45 621.55
556 2848 991.54 644.72
557 2849 991.91 73.40
558 2846 990.76 1491.14
559 1102 1454.66 452.88
560 2844 989.90 1335.38
561 2845 99.34 31.14
562 2842 988.77 623.41
563 2843 989.59 1405.90
564 2840 988.41 1203.66
565 2841 988.74 613.26
566 909 1351.98 93.45
567 1775 489.73 557.37
568 1774 489.56 96.87
569 1777 49.26 1421.33
570 1776 49.02 378.84
571 1771 487.36 1491.75
572 1770 487.10 300.46
573 1773 489.54 685.70
574 1772 489.28 1522.89
575 1779 490.68 260.68
576 1778 49.76 567.71
577 1159 1486.84 901.76
578 1158 1486.27 20.45
579 1155 1483.51 68.66
580 1154 1482.82 76.23
581 1157 1485.83 9.91
582 1156 1484.90 1545.42
583 1151 1481.45 107.22
584 1150 1480.97 1496.59
585 1153 1482.17 1389.68
586 1152 1481.62 884.94
587 59 1526.21 1.17
588 1554 339.36 1519.36
589 1551 337.60 1500.55
590 1550 337.01 1353.57
591 1553 339.02 180.30
592 1552 339.02 119.32
593 1555 339.76 152.78
594 58 1512.44 1560.13
595 1557 34.14 387.02
596 1556 34.06 753.34
597 1559 34.53 1513.83
598 1558 34.48 1319.27
599 57 1493.43 1047.86
600 56 1485.37 0.86
601 51 141.60 1.82
602 50 1394.91 1059.54
603 53 145.39 1559.94
604 52 143.28 278.37
605 537 1185.06 1404.13
606 55 1481.20 1560.58
607 535 1183.60 1148.39
608 534 1183.36 539.09
609 533 1182.93 520.98
610 532 1182.87 701.05
611 531 1182.72 366.40
612 530 118.54 600.06
613 539 1187.13 1284.79
614 538 1186.46 255.22
615 1976 6.63 351.32
616 2805 969.01 323.42
617 1975 599.09 38.90
618 536 1184.03 683.65
619 429 1139.38 470.53
620 428 1139.36 862.71
621 1399 238.02 758.97
622 1398 238.02 732.24
623 1397 237.97 1336.59
624 420 1135.07 681.38
625 423 1136.41 985.87
626 1394 234.09 1437.05
627 425 1137.89 883.36
628 424 1137.15 1354.16
629 427 1138.62 906.22
630 426 1138.09 652.49
631 853 1326.15 479.42
632 1443 270.76 411.29
633 2183 695.63 1543.47
634 2182 695.31 607.08
635 2181 695.27 419.43
636 2180 694.67 125.72
637 2187 696.47 235.63
638 2186 696.15 1219.49
639 229 1033.89 1037.92
640 2184 695.84 1172.26
641 227 1033.22 587.93
642 226 1032.23 61.11
643 2189 697.60 761.67
644 2188 696.86 752.82
645 223 1031.33 1492.91
646 222 1030.74 1171.91
647 221 1030.51 360.36
648 220 1030.51 120.18
649 2213 71.32 378.84
650 2212 708.95 1196.59
651 2211 707.28 235.03
652 2210 706.52 176.22
653 2217 710.14 897.37
654 2216 71.85 1403.71
655 2215 71.54 60.07
656 2214 71.32 400.40
657 2219 710.37 1165.15
658 2218 710.28 368.38
659 54 1456.65 1.86
660 151 1000.58 976.00
661 150 1000.11 624.47
662 2439 809.24 1531.79
663 2438 809.10 1382.38
664 155 1002.19 834.68
665 154 1002.05 89.57
666 157 1004.42 54.43
667 156 1002.52 1188.96
668 159 1004.87 1256.57
669 2432 806.28 390.54
670 2431 805.27 485.38
671 2430 804.34 626.54
672 2437 808.36 457.58
673 2436 806.81 637.66
674 2435 806.72 304.30
675 2434 806.72 291.80
676 2236 72.07 569.94
677 2509 832.16 36.10
678 2508 832.03 1501.14
679 2507 831.92 1099.24
680 2506 831.72 252.56
681 2505 831.30 1132.34
682 2504 831.29 271.53
683 2503 830.00 169.77
684 2502 829.98 483.53
685 2501 829.45 571.08
686 2500 828.87 966.69
687 2727 931.39 1287.14
688 2726 930.67 422.99
689 2725 929.44 558.28
690 2724 929.44 481.06
691 2723 929.03 1313.59
692 2722 928.82 634.26
693 2721 928.82 541.60
694 2720 928.79 844.91
695 2729 933.06 86.12
696 2728 931.55 73.40
697 1807 508.37 1270.36
698 1806 507.87 686.12
699 1805 507.66 243.25
700 1804 506.82 113.50
701 1803 506.21 556.63
702 1802 505.96 85.90
703 1801 505.74 195.21
704 1800 505.46 827.27
705 1809 509.67 654.28
706 1808 509.07 418.83
707 1256 1536.02 421.10
708 1948 583.88 917.20
709 1949 583.93 1407.07
710 1257 1536.93 1359.45
711 1942 582.04 537.46
712 1943 582.28 63.05
713 1940 581.44 586.71
714 1941 582.02 739.71
715 1946 583.34 1517.01
716 1947 583.61 626.55
717 1944 582.95 618.24
718 1945 583.25 1002.96
719 818 1314.10 70.03
720 819 1314.26 708.30
721 1527 321.31 275.53
722 810 1309.04 743.69
723 1520 318.90 630.97
724 812 1310.08 388.62
725 813 1310.66 104.47
726 814 1311.47 1319.33
727 815 1312.04 77.61
728 816 1312.18 1409.02
729 817 1313.97 921.49
730 2859 995.55 726.27
731 2858 994.95 1037.45
732 1522 319.96 1354.16
733 1622 391.94 660.29
734 2851 993.12 1180.14
735 2850 992.60 747.66
736 2853 993.42 292.23
737 1251 1532.67 884.94
738 2855 993.70 1475.86
739 1621 391.68 220.68
740 2857 994.95 1028.07
741 2856 994.81 888.52
742 1490 30.95 1483.06
743 1491 301.32 737.87
744 1492 302.64 345.61
745 1620 391.10 1340.05
746 1494 302.73 832.11
747 1495 303.12 381.31
748 1496 303.59 303.26
749 1497 304.13 785.69
750 1498 305.02 326.58
751 1627 399.92 1322.41
752 1395 236.24 1452.58
753 1626 399.33 1339.46
754 1700 446.65 129.95
755 1701 446.91 1150.39
756 1702 447.55 403.04
757 422 1135.77 522.45
758 1704 448.44 337.78
759 1625 396.15 901.75
760 1706 45.30 392.97
761 1707 45.32 1355.39
762 1708 450.04 1402.14
763 1393 233.66 1360.30
764 1624 395.25 428.07
765 1392 232.21 23.14
766 1391 231.07 88.63
767 1390 230.30 10.20
768 1128 1472.47 373.61
769 1129 1473.01 1520.31
770 1120 1469.67 555.89
771 1121 1470.37 414.11
772 1122 1470.37 513.29
773 1123 1470.76 1413.10
774 1124 1471.03 1256.82
775 1125 1471.76 969.63
776 1126 1472.26 1324.18
777 1127 1472.47 331.70
778 524 1177.75 112.04
779 525 1179.39 784.00
780 526 1179.48 1209.54
781 527 1179.48 1433.53
782 520 1176.54 1222.47
783 521 1176.97 1138.31
784 522 1177.20 61.34
785 523 1177.71 856.81
786 1014 1405.21 0.98
787 1015 1406.97 1381.90
788 1016 1407.51 237.41
789 1017 1407.77 1239.90
790 528 1179.79 1035.11
791 1011 1402.30 1073.73
792 1012 1403.32 640.40
793 1013 1403.47 1247.82
794 1234 1521.07 934.25
795 1235 1521.39 68.66
796 1236 1522.06 384.88
797 1237 1522.23 1296.55
798 1230 1520.01 43.17
799 1231 1520.58 1504.46
800 1232 1520.70 84.49
801 1233 1521.07 869.86
802 1238 1522.82 1274.21
803 1239 1523.11 420.67
804 438 1141.95 567.55
805 439 1142.31 746.92
806 436 1141.01 1223.68
807 437 1141.24 1233.60
808 434 1140.38 1196.59
809 435 1140.89 319.83
810 432 114.90 253.05
811 433 1140.10 833.21
812 430 1139.81 104.44
813 431 114.24 803.98
814 2864 998.01 552.72
815 558 1194.77 1228.94
816 2868 999.68 47.96
817 554 1192.30 1321.90
818 1961 590.47 91.08
819 2700 920.38 723.96
820 995 1396.74 117.55
821 2465 818.36 365.97
822 997 1397.04 212.27
823 996 1396.74 145.10
824 238 1038.16 515.04
825 239 1038.48 250.62
826 234 1036.62 1325.35
827 991 1394.73 1145.49
828 236 1037.41 80.94
829 237 1037.64 1074.05
830 230 1035.04 1264.63
831 231 1035.08 439.67
832 232 1035.08 493.41
833 2461 817.81 805.18
834 2462 817.87 294.99
835 2228 713.22 634.26
836 2229 713.27 1012.29
837 2226 712.71 41.27
838 2227 713.09 931.29
839 2224 712.68 1502.90
840 2225 712.68 248.25
841 2222 710.94 1416.92
842 2223 710.97 1089.46
843 2220 710.67 1277.18
844 2221 710.74 1037.00
845 1 -0.14 655.22
846 146 1.38 882.00
847 147 1.71 903.85
848 144 0.68 277.71
849 145 1.01 856.73
850 142 -0.15 1328.56
851 143 0.17 1180.50
852 140 994.29 1559.93
853 141 994.50 0.53
854 999 1397.73 594.31
855 148 10.20 1524.21
856 149 10.56 1544.24
857 2088 652.65 648.52
858 2089 652.99 486.31
859 2082 650.44 1018.66
860 2083 650.95 1507.02
861 2080 648.05 560.44
862 2081 648.95 855.16
863 2086 652.13 78.14
864 2087 652.37 468.40
865 2084 651.70 57.44
866 2085 652.13 1537.00
867 2538 845.17 1364.55
868 2539 846.12 572.47
869 2532 842.26 759.28
870 2533 842.40 1217.58
871 2530 841.89 1059.20
872 2531 841.97 1381.71
873 2536 842.95 518.74
874 2537 843.53 1406.93
875 2534 842.42 552.55
876 2535 842.86 491.21
877 2712 924.33 1489.97
878 2713 925.06 1549.03
879 2710 923.35 374.80
880 2711 923.86 664.21
881 2716 926.97 460.06
882 2717 928.59 1204.00
883 2714 925.51 368.77
884 2715 925.89 1115.06
885 2718 928.74 155.97
886 2719 928.74 16.27
887 1832 521.71 1330.95
888 1833 523.33 554.10
889 1830 520.33 797.15
890 1831 520.48 825.47
891 1836 524.08 649.48
892 1837 525.28 367.78
893 1834 523.43 1362.69
894 1835 523.47 441.96
895 1838 525.71 179.00
896 1839 525.79 63.05
897 2154 682.11 1552.29
898 2407 795.58 1405.31
899 2156 682.85 803.71
900 938 1370.09 1347.73
901 2402 794.48 1226.66
902 2151 681.33 1481.58
903 2152 681.52 1303.01
904 2401 793.47 1061.21
905 933 1367.70 1179.06
906 932 1367.61 1238.93
907 931 1367.00 342.87
908 930 1365.85 1073.14
909 937 1369.86 1446.14
910 936 1369.86 1411.90
911 2408 796.17 1384.14
912 934 1368.50 913.37
913 1955 586.55 651.88
914 1954 586.33 1470.12
915 1957 586.87 1285.96
916 1956 586.77 156.54
917 1951 585.65 445.56
918 1950 584.15 633.26
919 1953 585.90 717.96
920 1952 585.90 688.20
921 1959 589.81 1455.87
922 1958 587.41 357.76
923 829 1317.83 1061.08
924 828 1317.75 714.10
925 825 1316.86 125.12
926 824 1316.37 417.26
927 827 1317.05 1130.76
928 826 1316.86 154.05
929 821 1314.79 136.83
930 820 1314.70 1197.78
931 823 1314.97 1357.34
932 822 1314.84 690.32
933 1536 326.75 606.01
934 1483 294.03 547.26
935 1482 294.02 29.16
936 1481 292.92 1521.13
937 1480 292.18 665.43
938 1487 3.20 38.94
939 1486 299.91 811.01
940 1485 296.26 529.42
941 1484 294.03 571.80
942 1489 30.43 654.71
943 1488 30.43 500.79
944 797 1301.70 351.61
945 796 1301.21 920.91
946 795 1300.65 482.56
947 1710 451.49 1354.21
948 793 1300.05 906.98
949 1716 455.18 1461.75
950 791 130.42 732.24
951 790 13.65 1403.42
952 1719 458.01 654.88
953 1718 457.83 359.24
954 2145 679.82 122.82
955 799 1302.39 73.48
956 798 1302.08 707.14
957 612 122.68 852.51
958 2144 679.73 91.08
959 1271 1549.29 575.45
960 2143 679.25 586.70
961 610 1219.76 48.00
962 2414 799.39 74.91
963 1139 1477.31 193.99
964 1138 1476.66 289.10
965 2417 8.12 387.02
966 1133 1475.51 257.01
967 1274 1550.69 330.30
968 1131 1474.03 1023.76
969 1130 1473.44 1004.94
970 225 1032.23 290.94
971 1136 1475.96 213.67
972 1135 1475.82 894.22
973 1134 1475.82 835.05
974 2792 964.97 1329.99
975 614 1220.88 644.30
976 2061 639.57 374.60
977 476 116.35 647.14
978 615 1222.78 395.61
979 2790 963.67 98.62
980 2063 640.08 747.66
981 2064 640.49 27.69
982 224 1031.92 1291.25
983 2797 967.34 50.98
984 519 1175.37 1279.50
985 518 1174.78 1373.56
986 926 1362.81 377.80
987 1009 1401.92 1050.41
988 1008 1401.71 1060.21
989 511 1171.72 602.91
990 510 1170.86 637.40
991 1005 1400.53 378.49
992 2148 680.83 1219.23
993 1003 140.11 598.57
994 1002 1398.68 732.90
995 1001 1398.68 722.97
996 1000 1398.18 1101.36
997 1227 1519.29 1060.79
998 622 1227.69 1133.11
999 621 1226.27 415.86
1000 620 1225.34 1230.11
1001 627 1228.37 444.50
1002 626 1228.28 1508.78
1003 1221 1515.29 1538.15
1004 1220 1515.19 202.25
1005 629 1229.40 35.60
1006 628 1228.87 1208.95
1007 1229 152.22 787.10
1008 1228 1519.29 1313.01
1009 1535 326.64 27.37
1010 2 -0.14 675.18
1011 11 0.54 1404.34
1012 10 0.54 1380.00
1013 13 0.55 1537.41
1014 12 0.54 1503.81
1015 15 0.68 445.02
1016 14 0.68 410.07
1017 17 1.01 723.10
1018 16 0.68 626.46
1019 19 1.06 1449.73
1020 18 1.06 1435.91
1021 928 1365.06 14.25
1022 2742 939.67 538.20
1023 1534 326.01 572.55
1024 1471 287.89 306.59
1025 688 1258.75 537.74
1026 201 1020.87 589.17
1027 200 1020.62 786.74
1028 203 1022.10 256.23
1029 202 1021.63 1076.57
1030 205 1022.10 773.47
1031 204 1022.10 756.51
1032 207 1023.18 56.80
1033 206 1022.79 1236.91
1034 209 1024.27 1382.38
1035 208 1023.69 1306.54
1036 1573 355.30 703.54
1037 1572 355.03 69.61
1038 1571 354.58 329.74
1039 2239 720.33 1502.90
1040 2238 72.81 630.92
1041 1570 351.90 143.81
1042 998 1397.43 80.36
1043 2231 713.86 1394.73
1044 2230 713.83 967.43
1045 2233 718.25 861.97
1046 2232 715.26 49.08
1047 2235 719.74 1525.24
1048 2234 719.57 741.67
1049 2237 72.60 825.08
1050 1576 359.35 1384.73
1051 1575 357.92 717.50
1052 1574 356.81 277.00
1053 2185 696.15 1198.48
1054 228 1033.69 1465.41
1055 2095 655.66 1365.92
1056 2094 654.25 798.41
1057 2097 656.82 308.47
1058 2096 656.52 730.07
1059 2091 653.49 832.46
1060 2090 652.99 554.26
1061 2093 654.00 749.74
1062 2092 653.89 1428.24
1063 2099 657.43 292.70
1064 2098 656.82 412.82
1065 2525 839.55 1448.66
1066 2524 838.31 1183.11
1067 2527 840.35 61.97
1068 2526 84.64 1331.14
1069 2521 837.76 140.02
1070 2520 837.72 926.13
1071 2523 838.19 216.34
1072 2522 837.97 1525.92
1073 2529 840.88 1077.36
1074 2528 840.35 84.39
1075 2709 923.15 1463.50
1076 2708 922.57 1512.90
1077 2705 921.76 512.24
1078 2704 921.41 448.32
1079 2707 922.57 1299.49
1080 2706 921.98 1330.06
1081 2701 920.69 612.30
1082 1823 516.09 1443.52
1083 2703 920.96 701.34
1084 2702 920.80 1535.24
1085 1829 52.73 528.30
1086 1828 519.28 270.07
1087 1825 516.80 786.06
1088 1824 516.18 760.19
1089 1827 517.81 771.93
1090 1826 517.60 164.81
1091 1821 515.79 749.23
1092 1820 515.15 1382.97
1093 512 1172.43 1310.07
1094 1822 515.93 431.64
1095 2411 798.78 571.56
1096 929 1365.26 1195.43
1097 2413 799.39 306.89
1098 2412 799.09 552.10
1099 2415 799.40 590.09
1100 2142 679.22 1204.38
1101 2141 678.63 632.41
1102 2140 677.69 834.68
1103 920 136.75 628.15
1104 2418 80.20 1419.30
1105 922 1361.73 1238.34
1106 923 1361.73 1263.62
1107 924 1361.77 387.92
1108 925 1361.77 406.08
1109 2149 680.94 1501.14
1110 927 1364.14 1214.52
1111 1920 574.54 534.75
1112 1921 575.08 428.82
1113 1922 576.56 1430.99
1114 1923 576.64 936.28
1115 1924 577.55 386.10
1116 1925 577.97 30.28
1117 1926 578.05 1440.58
1118 1927 579.30 1257.28
1119 1928 579.85 795.14
1120 1929 579.85 811.82
1121 475 1159.01 101.76
1122 832 1318.91 743.69
1123 833 1319.41 1281.26
1124 830 1318.23 1187.78
1125 831 1318.23 167.13
1126 836 132.42 1134.28
1127 837 132.42 1145.45
1128 834 1319.49 734.98
1129 835 1319.66 1107.39
1130 838 132.53 667.54
1131 839 1320.91 548.21
1132 3 -0.14 745.50
1133 1267 1547.56 44.55
1134 2511 833.02 340.52
1135 1987 605.54 158.33
1136 1532 325.30 14.41
1137 784 1296.81 429.13
1138 785 1298.26 138.21
1139 786 1298.83 1187.78
1140 787 1299.96 534.94
1141 780 1295.20 923.34
1142 781 1295.42 320.87
1143 1728 466.16 1272.05
1144 783 1296.31 1009.55
1145 1726 463.86 302.70
1146 1727 464.02 854.90
1147 1724 460.51 97.32
1148 1725 462.52 279.46
1149 788 13.32 580.35
1150 789 13.32 619.76
1151 1720 458.35 685.27
1152 1721 458.61 708.94
1153 252 1044.96 513.80
1154 468 1153.62 192.04
1155 153 1001.62 354.32
1156 60 1540.94 1058.06
1157 61 1557.88 331.13
1158 62 1558.37 287.00
1159 152 1001.10 431.02
1160 64 1558.78 144.99
1161 65 1559.01 351.91
1162 66 1559.07 261.86
1163 67 1559.13 844.42
1164 68 1559.26 110.66
1165 69 1559.26 227.05
1166 1371 214.09 523.10
1167 1588 370.73 1469.45
1168 1589 371.70 1301.84
1169 1370 214.09 450.97
1170 1582 365.31 83.47
1171 1583 366.20 140.23
1172 1580 364.64 1330.64
1173 1581 364.64 1417.65
1174 1586 37.40 1521.34
1175 1587 370.65 1482.98
1176 1584 366.65 111.62
1177 1585 37.23 1394.67
1178 710 1267.27 169.20
1179 1038 1418.51 1396.29
1180 1039 1418.76 1073.14
1181 508 1168.44 78.86
1182 509 1170.69 796.19
1183 506 1168.26 1160.21
1184 507 1168.30 1345.46
1185 1030 1412.40 545.42
1186 1031 1412.88 1230.70
1187 502 1167.07 1321.30
1188 1037 1416.07 843.75
1189 1034 1414.35 1202.60
1190 501 1166.65 996.93
1191 1212 1512.95 873.34
1192 1213 1513.53 965.57
1193 632 1231.02 881.46
1194 633 1231.54 1023.43
1195 634 1232.18 752.10
1196 635 1232.39 1238.93
1197 1214 1514.00 1098.42
1198 1215 1514.02 1229.53
1199 638 1233.92 860.58
1200 639 1234.91 136.83
1201 1218 1515.07 420.40
1202 1376 222.37 1386.50
1203 2416 799.90 1552.44
1204 782 1296.20 128.57
1205 1729 466.47 337.24
1206 1106 1459.00 954.55
1207 1455 278.11 810.31
1208 1456 278.11 834.22
1209 1457 278.22 1559.93
1210 1450 273.89 725.21
1211 1451 274.69 1308.89
1212 1100 1453.43 1254.83
1213 1101 1453.78 967.89
1214 2419 80.99 356.53
1215 1458 279.27 27.37
1216 1459 28.44 673.16
1217 1108 1459.89 414.81
1218 1109 146.43 453.94
1219 1722 458.72 326.61
1220 1723 46.78 414.53
1221 1577 363.07 73.63
1222 466 1150.59 370.49
1223 959 1379.52 9.43
1224 958 1379.52 26.65
1225 216 1029.47 892.21
1226 217 103.21 977.05
1227 214 1027.92 392.27
1228 215 1029.21 309.48
1229 212 1025.61 1418.92
1230 213 1026.28 1345.48
1231 210 1025.05 731.43
1232 211 1025.33 26.18
1233 218 1030.07 202.54
1234 219 1030.13 948.38
1235 957 1379.35 799.67
1236 956 1379.23 407.48
1237 462 1148.95 800.02
1238 4 -1.03 1351.28
1239 2550 850.91 267.44
1240 2551 850.98 494.03
1241 2552 851.60 453.26
1242 2553 851.60 545.31
1243 2554 852.22 522.45
1244 2555 852.23 995.39
1245 2556 852.84 432.87
1246 2557 853.28 130.96
1247 2558 854.15 108.97
1248 2559 854.69 657.74
1249 2396 790.47 1204.67
1250 2397 790.87 1535.24
1251 2394 789.95 1249.97
1252 63 1558.37 310.05
1253 2392 788.61 43.43
1254 2393 789.04 252.56
1255 2390 788.59 534.19
1256 2391 788.61 285.76
1257 2398 791.35 225.64
1258 2399 792.91 408.78
1259 2778 956.99 368.34
1260 2779 957.85 76.42
1261 2770 952.68 347.21
1262 2771 953.53 557.66
1263 2772 954.18 330.61
1264 2773 954.60 717.00
1265 2774 954.62 140.88
1266 2775 955.76 707.72
1267 2776 956.46 804.44
1268 2777 956.46 830.99
1269 1858 536.40 474.39
1270 1859 537.43 155.33
1271 378 1110.71 308.62
1272 1850 531.02 1301.25
1273 1851 531.55 535.29
1274 1852 532.69 79.44
1275 1853 533.98 68.22
1276 1854 533.99 456.37
1277 1855 534.61 943.09
1278 1856 535.06 199.52
1279 1857 535.92 1414.20
1280 2172 69.09 336.45
1281 2173 69.09 529.79
1282 2170 688.97 1110.06
1283 2171 689.13 463.76
1284 919 1359.80 926.13
1285 918 1357.62 1281.26
1286 2174 690.06 1005.73
1287 2175 690.57 1027.92
1288 915 1357.19 718.74
1289 914 1356.53 549.61
1290 917 1357.49 193.99
1291 916 1357.48 953.39
1292 911 1355.68 1421.27
1293 910 1352.69 440.31
1294 913 1356.53 233.92
1295 912 1355.83 495.83
1296 2604 874.37 609.52
1297 2605 874.43 792.61
1298 2606 875.18 1038.01
1299 2607 875.28 161.15
1300 2600 873.18 1524.07
1301 2601 873.53 623.45
1302 2602 873.77 1387.08
1303 2603 874.27 1503.31
1304 2608 875.66 1475.37
1305 2609 876.04 1365.70
1306 1933 580.37 770.07
1307 1932 580.24 476.19
1308 1931 580.11 782.68
1309 1930 579.85 850.62
1310 1937 580.99 1415.30
1311 1936 580.98 49.25
1312 1935 580.86 746.21
1313 1934 580.52 187.83
1314 1939 581.36 882.40
1315 1938 580.99 1540.53
1316 458 1147.55 260.77
1317 847 1324.43 11.50
1318 846 1323.52 1265.97
1319 845 1323.48 293.50
1320 844 1322.68 875.66
1321 843 1322.37 27.34
1322 842 1321.76 1101.95
1323 841 1321.71 1485.96
1324 840 1321.61 321.22
1325 1426 255.13 45.70
1326 849 1324.75 498.27
1327 848 1324.75 462.65
1328 2406 795.50 142.61
1329 1739 473.99 1394.73
1330 1738 473.66 481.54
1331 1731 467.52 1301.84
1332 1730 467.36 1480.17
1333 1733 469.40 1352.76
1334 1732 467.66 381.14
1335 1735 47.76 1432.54
1336 1734 469.42 677.71
1337 1737 470.81 213.75
1338 1736 470.02 654.88
1339 2404 795.38 440.90
1340 753 1284.68 674.65
1341 752 1283.89 552.40
1342 751 1283.54 1318.89
1343 750 1282.98 963.25
1344 757 1287.24 245.64
1345 756 1286.69 294.68
1346 755 1285.18 224.29
1347 754 1284.71 1550.04
1348 759 1288.08 483.96
1349 758 1287.66 1277.14
1350 1595 376.48 253.31
1351 1032 1413.46 690.90
1352 1597 376.93 81.23
1353 1596 376.48 60.67
1354 1591 372.87 1321.83
1355 1590 372.46 85.70
1356 1593 373.06 798.35
1357 1033 1413.80 610.37
1358 1599 378.31 381.31
1359 504 1167.63 321.98
1360 1025 1411.43 966.15
1361 1024 1411.43 820.55
1362 1027 1412.01 837.95
1363 1026 1411.53 1000.55
1364 1021 1410.02 1437.35
1365 1020 141.59 574.78
1366 1023 1411.00 212.97
1367 1022 1410.27 799.67
1368 1036 1415.49 857.10
1369 1029 1412.13 1530.32
1370 1028 1412.05 412.37
1371 503 1167.09 210.23
1372 500 1166.55 520.55
1373 1035 1415.20 517.48
1374 605 1217.69 169.89
1375 604 1217.19 1090.54
1376 607 1218.38 41.11
1377 606 1218.27 925.39
1378 601 1214.59 862.71
1379 600 1214.55 1025.33
1380 603 1216.27 834.94
1381 602 1214.78 795.60
1382 1205 1509.25 985.83
1383 1204 1508.71 1047.86
1384 1207 1509.47 887.84
1385 1206 1509.30 1114.29
1386 1201 1505.29 322.62
1387 1200 1504.83 948.17
1388 1203 1507.92 1014.32
1389 1202 1505.41 933.67
1390 1211 1511.06 1247.75
1391 1216 1514.50 20.45
1392 1217 1514.98 664.21
1393 636 1232.84 29.40
1394 637 1233.60 542.62
1395 1447 273.19 709.03
1396 1446 272.48 747.01
1397 1113 1464.99 1476.26
1398 1112 1463.64 1002.12
1399 1115 1466.97 1079.02
1400 1114 1465.38 871.02
1401 1117 1467.12 927.29
1402 1440 268.28 836.61
1403 1119 1468.97 632.02
1404 1118 1467.56 1261.86
1405 1351 201.45 677.38
1406 1449 273.54 859.76
1407 1448 273.33 1365.76
1408 1219 1515.18 1084.90
1409 461 1148.91 1305.95
1410 1356 203.65 82.53
1411 463 1149.52 322.41
1412 489 1163.70 942.36
1413 488 1163.70 884.83
1414 487 1163.70 857.54
1415 486 1162.96 905.48
1416 485 1162.67 545.13
1417 1354 202.97 1262.45
1418 483 1161.85 1350.63
1419 482 1161.81 15.62
1420 481 1161.49 836.16
1421 480 1161.32 1485.15
1422 1565 348.69 659.69
1423 1567 35.61 1505.60
1424 199 1020.25 608.32
1425 198 1020.22 1253.85
1426 2066 641.21 8.22
1427 195 1019.89 767.57
1428 194 1017.78 542.84
1429 197 1020.16 158.99
1430 196 1020.16 142.37
1431 191 1016.53 1039.80
1432 190 1016.28 393.13
1433 193 1017.67 797.81
1434 192 1016.64 527.43
1435 2543 847.69 727.54
1436 2542 847.25 241.78
1437 2541 846.59 599.33
1438 2540 846.43 1038.01
1439 2547 849.84 342.25
1440 2546 849.78 56.12
1441 2545 849.71 968.15
1442 2544 849.08 1381.79
1443 2549 850.72 974.71
1444 2548 850.48 767.36
1445 1104 1455.97 19.07
1446 2381 785.24 406.37
1447 2380 784.72 92.59
1448 2383 785.58 1391.79
1449 2382 785.36 902.53
1450 2385 786.45 306.46
1451 2384 785.90 1116.70
1452 2387 786.88 27.48
1453 2386 786.72 351.20
1454 2389 788.54 1308.14
1455 2409 797.49 506.70
1456 1518 317.50 832.82
1457 2769 951.81 48.82
1458 2768 950.56 851.64
1459 1452 274.80 86.82
1460 2763 948.59 526.77
1461 2762 948.43 1309.48
1462 2761 947.64 732.66
1463 2760 947.45 1126.52
1464 2767 950.44 454.50
1465 2766 950.30 99.49
1466 2765 95.12 384.04
1467 2764 949.66 90.22
1468 902 1349.67 1360.94
1469 903 1349.91 69.34
1470 1849 530.31 554.10
1471 901 1349.36 929.03
1472 906 1351.64 249.98
1473 907 1351.68 953.39
1474 904 1350.04 1470.76
1475 905 1350.52 865.80
1476 1843 527.77 228.50
1477 1842 526.90 1386.50
1478 1841 526.50 881.14
1479 1840 525.88 535.36
1480 1847 529.49 832.07
1481 1846 528.89 857.30
1482 1845 528.67 296.89
1483 1844 528.29 711.34
1484 2169 688.06 157.55
1485 2168 688.00 714.87
1486 2165 686.86 126.32
1487 2164 686.54 982.18
1488 2167 687.46 185.78
1489 2166 687.22 286.29
1490 2161 685.33 141.96
1491 2160 685.05 271.07
1492 2163 686.54 841.32
1493 2162 685.73 490.02
1494 2617 879.15 1409.02
1495 2616 878.21 1168.65
1496 2615 878.16 495.89
1497 2614 878.06 373.58
1498 2613 877.65 313.14
1499 2612 877.39 1354.24
1500 2611 876.93 467.47
1501 2610 876.12 1445.87
1502 2619 880.64 527.39
1503 2618 879.94 898.01
1504 1908 57.27 748.42
1505 1909 57.65 30.57
1506 1906 567.93 361.17
1507 1907 567.93 881.33
1508 1904 566.13 354.56
1509 1905 566.41 410.50
1510 1902 564.93 388.80
1511 1903 565.66 559.47
1512 1900 563.42 584.91
1513 1901 563.53 296.89
1514 854 1326.34 1441.03
1515 855 1326.50 583.83
1516 856 1327.19 570.56
1517 857 1327.64 1136.05
1518 850 1325.21 782.49
1519 851 1325.80 336.59
1520 852 1326.15 1357.34
1521 0 -0.06 579.61
1522 858 1327.64 1188.37
1523 859 1328.56 249.77
1524 6 0.17 1304.22
1525 2463 817.93 23.16
1526 811 1309.97 61.08
1527 611 1219.76 67.28
1528 740 1281.05 122.37
1529 741 1281.19 1438.23
1530 742 1281.19 1447.05
1531 743 1281.74 131.32
1532 744 1281.74 169.20
1533 745 1281.74 72.10
1534 746 1281.78 1056.68
1535 747 1281.78 1358.28
1536 748 1281.80 503.51
1537 749 1282.42 200.88
1538 1798 502.76 599.92
1539 617 1223.01 256.72
1540 1050 143.93 244.96
1541 1051 1431.41 1441.28
1542 1052 1431.86 21.14
1543 1053 1431.86 76.92
1544 1054 1432.55 1.86
1545 1055 1432.87 1318.89
1546 1056 1434.05 1206.60
1547 1057 1434.05 265.35
1548 1058 1434.06 962.67
1549 1059 1434.64 1051.98
1550 1696 443.52 355.22
1551 1697 445.18 1370.62
1552 1694 442.82 420.44
1553 1695 443.42 1529.36
1554 1692 440.39 406.17
1555 1693 440.84 34.75
1556 1690 439.92 686.93
1557 1691 439.95 64.69
1558 715 1269.34 118.93
1559 1698 445.31 96.43
1560 1699 446.65 111.62
1561 1278 1553.48 552.40
1562 1279 1554.18 354.05
1563 618 1223.48 1367.81
1564 619 1224.16 1529.36
1565 1270 1548.91 961.51
1566 613 1220.64 1550.52
1567 1272 1549.56 1300.13
1568 1273 1550.31 143.03
1569 616 1222.95 1061.38
1570 1275 1552.09 425.29
1571 1276 1553.39 1026.70
1572 1277 1553.40 1275.11
1573 1795 501.40 294.21
1574 1794 500.51 286.61
1575 1472 288.66 706.22
1576 1473 289.32 278.51
1577 1470 286.55 650.66
1578 1493 302.73 756.86
1579 1476 289.39 1436.47
1580 1477 289.79 346.09
1581 1474 289.36 683.01
1582 1475 289.39 1362.98
1583 1478 290.27 382.73
1584 1479 290.68 120.81
1585 1304 170.43 1061.65
1586 1305 170.50 668.24
1587 1306 172.24 284.22
1588 1307 172.98 1301.25
1589 1300 167.69 860.24
1590 1301 17.04 347.61
1591 1302 17.18 676.68
1592 1303 170.22 505.25
1593 1308 174.02 837.04
1594 1309 174.54 1123.32
1595 498 1165.91 960.06
1596 499 1166.12 438.19
1597 1499 305.56 135.68
1598 494 1164.31 1122.36
1599 495 1164.31 699.31
1600 496 1164.78 1525.83
1601 497 1165.17 1016.11
1602 490 1163.73 682.49
1603 491 1163.96 504.59
1604 492 1164.11 1408.32
1605 493 1164.31 1038.39
1606 24 1022.53 266.57
1607 25 1039.56 1560.52
1608 26 1057.20 1560.52
1609 27 1057.74 0.64
1610 20 1.22 789.96
1611 21 1.61 1559.99
1612 22 1018.40 1560.52
1613 23 102.55 565.48
1614 28 1074.83 1559.34
1615 29 1106.18 0.53
1616 1703 447.99 233.64
1617 1705 449.25 213.32
1618 1875 547.35 72.11
1619 1709 451.41 181.84
1620 173 1009.59 270.89
1621 7 0.18 1468.39
1622 1879 550.51 357.56
1623 2288 742.12 143.74
1624 2289 743.84 1557.58
1625 2050 630.40 295.10
1626 2280 739.10 1180.65
1627 2281 739.11 296.30
1628 2282 739.73 1337.70
1629 2283 74.15 792.02
1630 2284 740.17 1541.72
1631 2285 740.31 1305.36
1632 2286 740.31 1505.84
1633 2287 742.08 1325.35
1634 972 1385.16 323.32
1635 2578 864.18 598.87
1636 2579 864.75 899.88
1637 2576 862.93 884.73
1638 2577 863.85 234.67
1639 2574 861.49 446.46
1640 2575 862.06 742.49
1641 2572 861.05 212.46
1642 2573 861.31 813.80
1643 2570 860.30 862.73
1644 2571 860.95 693.40
1645 445 1143.69 66.07
1646 2395 790.33 272.83
1647 2378 781.67 946.78
1648 2379 784.41 1372.97
1649 2374 780.20 745.44
1650 2375 780.29 1530.53
1651 2376 780.35 1020.36
1652 2377 780.94 915.81
1653 2370 779.98 138.73
1654 2371 78.02 530.53
1655 2372 78.76 339.43
1656 2373 78.76 655.46
1657 2594 872.00 1331.33
1658 2595 872.01 1539.94
1659 2596 872.69 131.39
1660 2597 872.91 963.61
1661 2590 87.68 385.53
1662 2591 870.75 360.58
1663 2592 871.83 10.23
1664 2593 871.99 425.46
1665 2598 873.17 1058.69
1666 2599 873.17 1081.39
1667 1876 549.83 1382.38
1668 1877 549.91 862.71
1669 1874 547.15 452.23
1670 592 1210.80 183.66
1671 1872 546.92 182.06
1672 1873 546.99 282.14
1673 1870 546.49 93.23
1674 1871 546.91 403.81
1675 1083 1443.34 998.64
1676 1878 55.86 800.46
1677 1082 1443.05 700.18
1678 977 1387.96 210.87
1679 976 1386.21 437.51
1680 975 1386.04 1390.31
1681 974 1385.47 1440.73
1682 973 1385.25 1295.37
1683 597 1213.58 1253.04
1684 971 1384.87 1351.84
1685 970 1384.27 1529.62
1686 1080 1442.76 828.67
1687 979 1388.71 1075.63
1688 978 1387.96 541.93
1689 2118 666.89 706.54
1690 2119 667.36 899.58
1691 180 1013.69 1291.84
1692 181 1014.07 583.61
1693 186 1015.46 712.26
1694 187 1015.93 505.77
1695 184 1014.87 1095.48
1696 185 1015.41 177.53
1697 2110 662.23 196.59
1698 2111 662.83 286.69
1699 188 1016.07 1048.71
1700 189 1016.18 1342.79
1701 2114 663.59 951.01
1702 2115 665.16 1484.27
1703 2116 665.65 1390.02
1704 2117 666.44 370.18
1705 2622 882.09 864.97
1706 2623 883.68 208.36
1707 2620 880.73 996.65
1708 2621 881.56 661.75
1709 2626 886.27 352.38
1710 2627 886.27 359.28
1711 2624 884.26 1024.39
1712 2625 885.84 237.25
1713 2628 887.12 625.92
1714 2629 887.88 1428.24
1715 1919 574.54 372.58
1716 1918 573.81 240.57
1717 1911 570.75 932.77
1718 1910 570.24 282.58
1719 1913 572.67 653.68
1720 1912 572.43 520.64
1721 1915 573.35 1377.68
1722 1914 573.34 641.67
1723 1917 573.35 1534.65
1724 1916 573.35 1489.38
1725 869 1332.70 92.07
1726 868 1332.01 125.12
1727 2113 663.44 1102.97
1728 861 1328.94 390.72
1729 860 1328.81 1342.99
1730 863 1329.93 711.20
1731 862 1329.29 554.50
1732 865 133.93 645.03
1733 864 133.23 707.63
1734 867 1331.16 1323.59
1735 866 1330.51 672.91
1736 2756 945.50 1464.89
1737 2757 946.14 826.57
1738 2754 945.19 581.45
1739 2755 945.49 1433.53
1740 2752 944.91 1392.37
1741 2021 622.38 811.08
1742 2022 623.11 858.28
1743 2751 944.76 1070.29
1744 2028 624.85 1375.79
1745 2029 625.40 119.11
1746 2758 946.64 276.49
1747 2759 947.10 1094.69
1748 883 1346.05 321.22
1749 882 1345.50 1534.19
1750 881 1345.35 336.59
1751 880 1345.27 1276.56
1752 887 1347.04 806.63
1753 886 1347.04 799.67
1754 885 1346.82 1552.03
1755 884 1346.47 36.98
1756 889 1347.62 1344.17
1757 888 1347.04 830.99
1758 1503 308.77 30.05
1759 775 1293.67 963.25
1760 774 1293.44 71.41
1761 777 1294.13 211.90
1762 776 1294.12 1250.69
1763 771 1291.92 409.57
1764 770 1291.64 740.79
1765 773 1293.44 205.70
1766 772 1292.95 1168.97
1767 779 1294.82 116.86
1768 778 1294.71 1236.58
1769 77 1559.95 92.76
1770 76 1559.95 203.63
1771 75 1559.91 426.91
1772 74 1559.77 471.39
1773 73 1559.77 247.19
1774 72 1559.65 900.31
1775 71 1559.65 704.82
1776 70 1559.26 40.42
1777 79 1560.82 522.85
1778 78 1560.81 762.83
1779 1043 1419.94 1498.49
1780 1042 1419.55 948.17
1781 1041 1419.35 999.65
1782 1040 1419.04 1050.03
1783 1047 1428.83 916.85
1784 1046 1428.12 500.37
1785 1045 1427.72 308.63
1786 1044 1420.16 2.54
1787 1049 143.78 920.73
1788 1048 1429.80 105.15
1789 1681 433.69 360.58
1790 1680 431.46 373.09
1791 1683 434.60 1465.28
1792 1682 434.58 131.74
1793 1685 436.82 356.56
1794 1684 436.39 653.68
1795 1687 439.06 1407.51
1796 1686 437.71 295.32
1797 1689 439.89 1485.26
1798 1688 439.39 668.10
1799 1269 1548.59 306.56
1800 1268 1547.75 933.67
1801 669 1247.09 1222.47
1802 668 1246.57 784.00
1803 1263 1540.02 846.41
1804 666 1246.36 1546.54
1805 665 1245.92 1431.76
1806 1260 1538.47 1154.79
1807 663 1243.52 1298.08
1808 1266 1546.93 1332.41
1809 661 1242.62 963.25
1810 660 1242.04 815.91
1811 640 1235.70 562.18
1812 264 1053.79 67.58
1813 421 1135.67 960.06
1814 1469 285.14 752.64
1815 1468 284.44 741.39
1816 1465 281.02 114.12
1817 1464 280.22 907.37
1818 1467 283.54 1522.69
1819 1466 281.63 863.06
1820 1461 28.71 1454.96
1821 1460 28.44 787.69
1822 1463 280.22 638.70
1823 1462 28.94 622.74
1824 1317 179.65 1246.06
1825 1316 178.94 863.85
1826 1315 177.29 539.08
1827 1314 177.28 1106.88
1828 1313 176.90 548.05
1829 1312 176.60 1232.80
1830 1311 176.54 556.19
1831 1310 174.54 1134.29
1832 1319 18.07 1483.77
1833 1318 179.86 277.08
1834 1010 1402.25 205.01
1835 529 118.46 770.22
1836 712 1267.96 249.08
1837 319 1073.66 1469.39
1838 318 1073.63 89.57
1839 313 1072.65 767.18
1840 312 1072.48 1347.11
1841 311 1072.07 888.42
1842 310 1071.96 1262.99
1843 317 1073.52 802.28
1844 316 1073.32 1054.22
1845 315 1073.23 746.88
1846 314 1072.77 1289.46
1847 2024 623.85 831.73
1848 2025 624.09 435.35
1849 2026 624.27 245.07
1850 443 1143.69 503.73
1851 2027 624.79 1265.14
1852 442 1143.26 615.84
1853 2020 621.64 768.31
1854 441 1143.18 542.84
1855 2753 944.91 54.86
1856 1336 197.75 138.69
1857 2750 944.27 442.76
1858 1331 194.52 122.13
1859 2023 623.32 1303.01
1860 446 1144.19 134.10
1861 406 1125.00 283.16
1862 1332 195.82 633.08
1863 2324 760.74 216.41
1864 630 1230.63 1153.10
1865 2299 747.21 28.77
1866 2298 747.20 369.24
1867 2293 745.33 1424.98
1868 2292 745.13 355.83
1869 2291 744.73 663.92
1870 2290 744.11 445.85
1871 2297 746.27 557.97
1872 2296 745.72 277.68
1873 2295 745.56 1166.44
1874 2294 745.54 966.69
1875 2569 860.30 1436.26
1876 2568 86.81 744.20
1877 2561 855.87 41.71
1878 2560 855.41 1405.53
1879 2563 856.23 621.60
1880 2562 856.02 1079.88
1881 2565 859.80 850.62
1882 2564 857.78 709.89
1883 2567 86.20 630.92
1884 2566 86.20 435.35
1885 1521 319.68 154.27
1886 2369 779.89 637.57
1887 2368 779.63 534.50
1888 2367 779.55 103.80
1889 2366 779.35 1159.57
1890 2365 779.02 1181.09
1891 2364 778.34 1232.71
1892 2363 777.78 606.77
1893 2362 777.78 563.53
1894 2361 777.38 385.12
1895 2360 777.25 808.13
1896 2587 868.68 1424.39
1897 2586 868.56 496.49
1898 2585 868.38 53.35
1899 2584 868.38 31.79
1900 2583 867.87 930.82
1901 2582 867.62 1204.47
1902 2581 867.11 1185.80
1903 2580 866.10 661.72
1904 1612 389.44 79.44
1905 402 1123.43 122.12
1906 2589 87.68 320.84
1907 2588 869.75 525.84
1908 1861 537.87 64.34
1909 1860 537.60 993.95
1910 1863 540.67 1442.66
1911 1862 539.59 101.43
1912 1865 542.18 56.15
1913 1864 541.18 314.32
1914 1867 542.97 208.84
1915 1866 542.40 598.72
1916 1869 545.13 1474.09
1917 1868 544.76 164.38
1918 964 1380.55 1217.77
1919 965 1380.55 1233.05
1920 966 1380.97 523.07
1921 967 1384.07 1039.63
1922 960 1379.53 748.04
1923 961 1379.82 721.06
1924 962 1380.27 537.74
1925 963 1380.27 592.91
1926 401 1122.57 383.43
1927 968 1384.09 1407.43
1928 969 1384.27 1379.47
1929 2109 662.05 90.22
1930 2108 662.05 56.58
1931 2103 658.63 146.14
1932 2102 658.17 82.89
1933 2101 658.05 345.85
1934 2100 658.03 713.42
1935 2107 661.75 122.41
1936 2106 661.53 1553.46
1937 2105 660.95 1299.49
1938 2104 66.12 350.58
1939 30 1125.58 0.53
1940 2639 890.86 1353.57
1941 2638 890.37 17.99
1942 2635 89.62 789.91
1943 2634 89.17 415.27
1944 2637 89.91 546.89
1945 2636 89.62 886.27
1946 2631 888.64 110.27
1947 2630 888.17 1375.13
1948 2633 89.17 304.48
1949 2632 889.64 1395.90
1950 641 1236.24 915.11
1951 878 1341.26 1283.46
1952 879 1341.86 1005.36
1953 876 1340.66 994.58
1954 877 1340.81 404.69
1955 874 1339.23 1502.60
1956 875 1340.46 296.08
1957 872 1336.45 1306.28
1958 1243 1525.71 931.35
1959 870 1334.76 211.90
1960 871 1335.28 1138.99
1961 2741 938.66 1010.71
1962 2740 937.47 558.28
1963 2743 94.55 716.77
1964 642 1236.63 922.37
1965 2745 941.18 507.62
1966 2032 626.08 1498.42
1967 2031 625.81 645.69
1968 2746 942.02 859.20
1969 2749 943.35 1036.52
1970 1533 325.94 791.32
1971 2039 627.25 343.80
1972 1244 1526.87 961.51
1973 890 1347.62 819.39
1974 891 1347.62 838.53
1975 892 1347.62 853.03
1976 893 1347.85 44.55
1977 894 1348.28 973.79
1978 1531 325.01 380.83
1979 896 1348.53 167.82
1980 897 1348.84 564.28
1981 898 1349.16 1498.23
1982 899 1349.22 126.50
1983 1530 323.03 541.31
1984 1249 153.62 730.84
1985 1248 1529.65 226.36
1986 1537 327.49 492.24
1987 1964 592.20 117.81
1988 1965 592.76 312.41
1989 1966 593.06 61.76
1990 1788 499.16 992.14
1991 1789 499.27 1483.50
1992 768 1290.77 852.45
1993 769 1290.88 618.05
1994 762 1289.13 1143.62
1995 763 1289.13 363.48
1996 760 1288.78 573.36
1997 761 1289.03 830.41
1998 1784 496.26 935.72
1999 767 129.01 773.03
2000 764 1289.14 1091.98
2001 765 1289.48 588.02
2002 1962 590.80 259.34
2003 1963 591.57 1534.65
2004 1078 1442.28 1263.03
2005 1079 1442.43 410.62
2006 1076 1441.31 721.06
2007 1077 1441.31 730.34
2008 1074 1439.53 1401.09
2009 1075 1440.36 1500.89
2010 1072 1438.56 781.58
2011 1073 1438.99 748.33
2012 1070 1437.57 1073.14
2013 1071 1437.57 1304.19
2014 1678 431.01 345.83
2015 1679 431.46 137.10
2016 1674 427.45 1413.28
2017 1675 427.88 412.43
2018 1676 430.38 701.73
2019 1677 430.70 421.79
2020 1670 425.78 1301.25
2021 1671 425.78 1371.21
2022 1672 426.37 1345.93
2023 1673 427.43 362.81
2024 1094 1449.72 950.49
2025 1095 1450.57 1482.27
2026 1096 1451.10 1333.58
2027 1097 1451.51 518.88
2028 678 1252.36 1192.16
2029 679 1252.77 678.72
2030 1092 1449.42 684.40
2031 1093 1449.72 873.34
2032 674 1248.62 266.83
2033 675 1249.37 222.23
2034 676 1250.16 745.72
2035 677 1251.16 1508.10
2036 1098 1452.04 855.36
2037 1099 1453.20 924.39
2038 672 1247.92 413.77
2039 673 1248.16 1529.12
2040 645 1237.80 573.36
2041 1418 249.79 455.43
2042 1419 249.79 466.58
2043 1410 245.30 1233.64
2044 1411 245.70 525.70
2045 1412 245.70 545.78
2046 1413 245.76 757.56
2047 1414 248.23 1370.03
2048 1415 248.39 415.57
2049 1416 249.27 796.95
2050 1417 249.41 1315.36
2051 1322 184.74 1317.71
2052 1323 185.38 50.93
2053 1320 181.24 1358.89
2054 1321 182.81 36.19
2055 1326 19.96 90.34
2056 1327 192.26 1443.09
2057 1324 185.92 1267.15
2058 1325 189.19 81.77
2059 1328 193.04 1167.86
2060 1329 193.27 460.63
2061 5 0.10 34.75
2062 647 1238.14 317.38
2063 1524 32.74 1532.43
2064 1525 320.31 784.99
2065 1526 321.09 1301.08
2066 1255 1535.32 611.07
2067 1252 1532.82 1059.62
2068 1253 1533.09 200.88
2069 1250 1531.64 1114.29
2070 1523 32.44 1433.66
2071 1528 322.31 1418.83
2072 1529 322.40 432.09
2073 1258 1537.23 171.95
2074 1259 1537.89 933.67
2075 308 1071.20 863.19
2076 309 1071.90 1078.43
2077 300 1068.88 94.31
2078 301 1069.17 918.59
2079 302 1069.55 998.05
2080 303 1069.67 427.93
2081 304 1070.13 1408.84
2082 305 1070.13 1505.84
2083 306 1070.62 676.39
2084 307 1070.82 377.82
2085 1655 417.15 39.66
2086 988 1393.89 495.48
2087 989 1394.24 251.38
2088 1105 1458.72 69.34
2089 2479 823.23 1146.46
2090 985 1391.80 454.27
2091 470 1156.20 108.33
2092 2358 776.96 342.25
2093 2359 777.16 648.78
2094 2352 775.04 926.13
2095 2353 775.59 1432.94
2096 2350 774.81 736.88
2097 2351 775.04 1015.37
2098 2356 775.81 1094.00
2099 2357 775.93 587.01
2100 2354 775.67 175.38
2101 2355 775.67 327.59
2102 1898 561.58 86.33
2103 1899 563.17 345.44
2104 1894 56.46 1374.95
2105 1895 560.12 643.47
2106 1896 560.92 655.15
2107 1897 561.02 430.54
2108 1890 558.62 473.79
2109 1891 558.92 851.29
2110 1892 559.52 380.39
2111 1893 559.89 440.73
2112 2136 676.21 861.23
2113 2137 676.44 1021.37
2114 2134 675.10 1094.23
2115 2135 675.31 342.57
2116 2132 673.66 255.08
2117 2133 674.84 367.78
2118 2130 672.12 1425.89
2119 2131 673.07 652.18
2120 951 1376.46 1480.97
2121 950 1376.10 1540.53
2122 953 1377.61 1310.07
2123 952 1377.50 736.72
2124 955 1378.37 960.93
2125 954 1378.37 865.80
2126 2138 676.95 749.87
2127 2139 677.45 1007.24
2128 477 116.69 1490.17
2129 2648 893.76 1503.49
2130 2649 895.46 530.48
2131 2640 891.73 1537.95
2132 2641 891.73 1554.99
2133 2642 891.76 485.38
2134 2643 891.88 205.78
2135 2644 892.33 809.51
2136 2645 892.88 1334.03
2137 2646 892.99 471.79
2138 2647 892.99 496.50
2139 2002 612.15 1510.54
2140 2003 612.15 1546.41
2141 2000 611.48 437.15
2142 2001 612.15 1275.38
2143 2006 613.53 650.31
2144 2007 613.76 474.45
2145 2004 612.44 379.85
2146 2005 613.15 246.31
2147 2008 614.18 397.81
2148 2009 614.50 1351.30
2149 2034 626.49 444.36
2150 2852 993.42 111.13
2151 667 1246.53 307.60
2152 1262 154.71 277.52
2153 2176 691.06 179.77
2154 1261 1539.52 388.27
2155 2177 691.60 448.94
2156 1799 502.98 631.13
2157 664 1244.94 794.44
2158 719 1270.27 412.37
2159 718 1270.27 287.35
2160 717 127.09 452.45
2161 1792 500.06 888.53
2162 1791 500.06 653.08
2163 1790 50.94 672.46
2164 713 1268.06 1281.34
2165 1796 501.85 256.21
2166 711 1267.48 370.46
2167 662 1243.32 806.46
2168 1265 1546.93 1317.12
2169 716 1269.34 18.38
2170 1103 1455.01 371.51
2171 505 1167.84 587.38
2172 1264 1542.95 854.17
2173 2178 691.80 82.45
2174 1069 1436.99 1103.12
2175 1068 1436.96 949.91
2176 2179 692.94 1149.01
2177 1061 1434.64 1233.64
2178 1060 1434.64 1190.13
2179 1063 1435.22 1146.04
2180 1062 1435.22 1124.88
2181 1065 1435.31 41.80
2182 1064 1435.22 1167.79
2183 1067 1435.36 1213.83
2184 1066 1435.31 70.72
2185 1669 425.20 1445.87
2186 1668 423.78 567.79
2187 1667 423.25 931.29
2188 1666 423.25 900.32
2189 1665 422.96 378.01
2190 1664 422.52 69.16
2191 1663 420.53 1029.45
2192 1662 42.53 1410.87
2193 1661 419.57 602.63
2194 1660 419.39 364.15
2195 591 1210.05 1387.08
2196 590 1209.51 359.99
2197 1085 1444.04 1357.10
2198 1084 1443.73 1407.10
2199 595 1212.41 1454.69
2200 594 1211.30 832.73
2201 1081 1442.87 1376.50
2202 596 1213.04 773.56
2203 599 1214.20 818.81
2204 598 1214.17 1188.96
2205 1089 1445.93 375.00
2206 1088 1445.93 347.07
2207 714 1268.18 304.11
2208 2828 982.57 519.98
2209 2829 982.57 612.02
2210 2824 980.80 722.58
2211 2825 981.95 487.85
2212 2826 982.00 267.44
2213 2827 982.27 757.98
2214 2820 978.42 1538.18
2215 2821 978.45 1332.01
2216 2822 980.49 136.57
2217 2823 980.68 934.39
2218 1409 245.15 19.72
2219 1408 242.94 664.72
2220 1403 240.30 312.78
2221 1402 24.60 1432.17
2222 1401 24.25 1289.77
2223 1400 238.24 1318.30
2224 1407 242.94 1529.95
2225 1406 241.73 6.01
2226 1405 240.83 676.68
2227 1404 240.59 1370.03
2228 1546 332.15 275.66
2229 449 1144.56 580.05
2230 448 1144.21 1428.24
2231 1339 198.40 773.99
2232 1338 198.36 601.30
2233 693 1260.84 516.08
2234 1335 197.23 843.36
2235 1334 196.14 1388.33
2236 1337 197.87 1137.61
2237 440 1142.44 1455.87
2238 447 1144.21 1394.73
2239 690 1260.07 274.91
2240 1333 195.91 1375.91
2241 444 1143.69 635.68
2242 1545 330.86 939.72
2243 696 1262.97 1481.74
2244 1543 330.24 329.91
2245 39 1250.62 1481.74
2246 38 1242.75 1559.75
2247 694 1262.38 1430.59
2248 33 1166.21 1559.18
2249 32 1162.67 0.96
2250 31 1128.92 1558.75
2251 1541 33.36 744.20
2252 37 1214.40 1559.18
2253 36 121.42 0.68
2254 35 1200.51 0.19
2255 34 1182.27 1559.18
2256 1241 1523.88 1480.67
2257 1240 1523.41 1184.84
2258 643 1236.86 1332.91
2259 1242 1523.97 945.27
2260 1245 1527.52 1084.31
2261 644 1237.40 851.29
2262 1247 1527.64 634.12
2263 646 1237.98 745.72
2264 649 1238.27 1393.55
2265 648 1238.27 1134.87
2266 1539 329.45 830.71
2267 1538 329.10 101.79
2268 339 1087.86 336.21
2269 338 1087.18 1527.59
2270 335 1084.62 377.82
2271 334 1084.50 501.45
2272 337 1085.91 519.26
2273 336 1085.48 421.37
2274 331 1083.65 1198.36
2275 330 1082.68 309.05
2276 333 1084.05 926.87
2277 332 1084.05 891.47
2278 1634 402.75 640.47
2279 1111 1462.85 76.23
2280 1635 403.09 1417.78
2281 8 0.18 1486.63
2282 1353 202.51 47.51
2283 1636 403.95 937.19
2284 1352 201.56 150.49
2285 2854 993.64 21.22
2286 1454 277.03 54.64
2287 235 1036.87 675.53
2288 1991 607.72 119.11
2289 2345 773.56 984.39
2290 2344 773.15 442.14
2291 2347 774.30 781.58
2292 2346 774.07 574.03
2293 2341 771.91 405.69
2294 2340 771.47 1449.40
2295 2343 772.82 969.64
2296 2342 772.09 798.54
2297 2349 774.30 837.63
2298 2348 774.30 825.09
2299 233 1035.68 27.05
2300 2067 641.81 195.39
2301 1889 558.62 1415.81
2302 1888 558.15 1449.78
2303 1887 557.70 6.13
2304 1886 557.27 202.58
2305 1885 555.98 98.41
2306 1884 555.11 152.31
2307 1883 552.91 877.72
2308 1882 552.36 238.78
2309 1881 552.31 415.83
2310 1880 552.31 364.77
2311 2121 668.37 971.93
2312 2120 667.41 1316.53
2313 2123 670.26 983.78
2314 2122 668.63 954.53
2315 2125 670.94 1380.03
2316 2124 670.94 1334.76
2317 2127 671.31 1148.04
2318 2126 670.99 1195.50
2319 2129 671.53 1370.62
2320 947 1375.26 1144.28
2321 944 1372.49 1553.15
2322 945 1372.90 1232.46
2323 942 1371.95 36.29
2324 943 1372.49 1329.71
2325 940 1370.69 1001.15
2326 941 1371.19 322.62
2327 1594 376.03 243.03
2328 2410 798.16 564.77
2329 2659 899.79 513.18
2330 2658 899.64 290.72
2331 2653 897.01 625.92
2332 2652 896.70 411.25
2333 2651 896.70 1474.09
2334 2650 896.11 1519.36
2335 2657 898.92 610.91
2336 2656 898.34 313.57
2337 2655 897.60 1381.87
2338 2654 897.29 1404.72
2339 133 891.71 1560.00
2340 132 871.61 1.54
2341 131 821.45 1558.75
2342 130 818.84 406.49
2343 137 98.96 1.82
2344 136 966.47 0.53
2345 135 951.38 0.53
2346 134 927.88 1.17
2347 139 988.17 803.71
2348 138 982.86 1.39
2349 410 1128.33 1284.79
2350 2019 621.39 286.09
2351 2018 620.22 41.92
2352 2015 618.07 62.62
2353 2014 616.85 1409.42
2354 2017 620.16 783.06
2355 2016 619.92 1241.86
2356 2011 615.16 692.24
2357 2010 614.62 15.19
2358 2013 616.23 1432.71
2359 2012 615.19 1318.53
2360 2847 991.05 199.74
2361 158 1004.85 22.52
2362 183 1014.69 484.77
2363 1453 275.24 37.21
2364 2112 663.34 25.97
2365 708 1266.58 10.12
2366 709 1267.13 481.86
2367 704 1265.91 1035.51
2368 705 1266.18 1535.13
2369 706 1266.43 459.51
2370 707 1266.49 1473.51
2371 700 1264.14 1060.79
2372 701 1265.21 203.63
2373 702 1265.21 223.60
2374 703 1265.90 149.92
2375 88 245.88 1559.93
2376 89 250.00 1280.08
2377 82 175.86 0.68
2378 83 192.71 307.54
2379 80 169.55 291.68
2380 81 17.78 329.76
2381 86 213.36 148.59
2382 87 238.40 563.02
2383 84 2.17 519.38
2384 85 205.94 1.44
2385 1658 418.37 513.73
2386 1659 418.67 486.40
2387 1652 415.37 897.54
2388 1653 415.79 1538.76
2389 1650 412.56 1345.93
2390 1651 415.37 219.34
2391 1656 418.05 415.55
2392 1657 418.13 990.05
2393 1654 415.94 349.18
2394 1389 23.05 1304.52
2395 586 1207.41 454.27
2396 1630 40.60 1405.45
2397 584 1206.72 1112.19
2398 585 1207.36 88.63
2399 582 1205.29 60.39
2400 583 1205.94 1400.61
2401 580 1204.06 521.41
2402 581 1204.62 1295.18
2403 1984 601.73 732.17
2404 588 1209.42 853.86
2405 589 1209.51 1365.72
2406 1985 602.47 401.71
2407 2839 987.21 975.44
2408 2838 987.17 47.96
2409 2837 987.17 215.26
2410 2836 986.65 1288.31
2411 2835 986.31 234.67
2412 2834 984.49 700.46
2413 2833 983.72 57.88
2414 2832 983.48 899.87
2415 2831 983.18 508.86
2416 2830 983.16 1128.54
2417 1436 263.34 696.37
2418 1437 264.07 30.05
2419 1434 261.68 505.25
2420 1435 262.67 309.92
2421 1432 258.82 1368.27
2422 1433 259.99 1528.77
2423 1430 257.71 708.33
2424 1431 258.42 684.42
2425 418 1134.21 124.28
2426 1981 601.25 96.25
2427 1438 266.00 388.45
2428 419 1134.75 173.85
2429 1348 200.75 702.70
2430 459 1147.89 1043.55
2431 450 1144.65 1095.68
2432 451 1145.26 780.84
2433 452 1145.54 1064.19
2434 453 1145.97 1414.13
2435 454 1145.97 1522.30
2436 455 1146.56 1167.21
2437 456 1147.15 1340.64
2438 1347 20.70 900.33
2439 656 1240.31 1022.44
2440 657 1240.42 98.27
2441 1500 305.67 1503.03
2442 655 1240.04 1354.75
2443 1506 309.76 796.24
2444 653 1239.45 1455.28
2445 650 1238.56 839.11
2446 651 1238.86 1166.03
2447 1508 31.17 1378.50
2448 1509 31.17 469.56
2449 658 1241.46 825.19
2450 659 1242.01 619.29
2451 948 1375.47 973.12
2452 1598 377.11 72.75
2453 949 1375.49 1118.88
2454 946 1374.08 1216.59
2455 2128 671.53 1357.69
2456 631 1230.77 47.31
2457 2815 975.48 1434.12
2458 569 1200.06 1413.54
2459 1292 162.41 553.21
2460 322 1077.08 312.50
2461 323 1078.16 726.86
2462 320 1073.72 968.17
2463 321 1076.81 1312.47
2464 326 1081.30 1220.12
2465 327 1081.92 1013.30
2466 324 1078.36 1382.97
2467 325 1080.13 1094.89
2468 328 1082.03 486.48
2469 329 1082.57 797.81
2470 2819 977.83 1188.37
2471 565 1199.32 644.30
2472 2330 763.71 1116.20
2473 2331 763.97 865.66
2474 2332 764.20 1360.31
2475 2333 764.61 1123.19
2476 2334 764.72 1055.16
2477 2335 766.61 141.31
2478 2336 769.63 14.97
2479 2337 77.27 314.89
2480 2338 77.27 415.27
2481 2339 770.06 506.39
2482 1341 199.22 494.10
2483 1592 372.90 275.66
2484 2488 824.97 1528.77
2485 2489 825.04 461.29
2486 2486 824.42 493.41
2487 2487 824.42 514.42
2488 2484 824.39 120.18
2489 2485 824.39 142.61
2490 2482 823.80 482.91
2491 2483 824.00 110.25
2492 2480 823.49 624.69
2493 2481 823.74 1118.95
2494 2248 723.41 989.56
2495 2249 724.96 397.66
2496 2244 722.18 502.37
2497 2245 722.18 509.17
2498 2246 722.68 1014.63
2499 2247 723.33 1239.65
2500 2240 720.54 1227.30
2501 2241 721.09 337.14
2502 2242 721.67 1143.52
2503 2243 721.87 582.37
2504 2464 817.93 385.80
2505 994 1396.28 1373.46
2506 2466 818.51 1498.20
2507 2467 818.79 250.40
2508 2460 817.33 1405.31
2509 990 1394.48 1408.30
2510 993 1395.77 896.54
2511 992 1394.94 238.11
2512 2468 819.09 1529.95
2513 2469 819.22 271.96
2514 120 643.31 441.96
2515 121 661.52 1560.65
2516 122 666.68 4.94
2517 123 684.46 1561.09
2518 124 696.81 1559.93
2519 125 703.54 1.54
2520 126 714.22 2.68
2521 127 776.10 1.17
2522 128 802.62 1560.87
2523 129 811.52 0.64
2524 2068 641.89 897.03
2525 2069 642.45 332.30
2526 2798 967.55 288.35
2527 2799 967.84 1285.38
2528 2060 638.83 1262.72
2529 2793 966.07 1307.13
2530 2062 64.59 1316.26
2531 2791 964.93 1095.62
2532 2796 967.28 1058.09
2533 2065 640.61 265.67
2534 2794 966.07 174.41
2535 2795 966.32 1202.65
2536 1086 1444.53 212.97
2537 2666 902.42 1133.35
2538 2667 902.50 556.77
2539 2664 901.79 336.86
2540 2665 902.42 1108.63
2541 2662 90.33 802.57
2542 2663 90.66 290.35
2543 2660 9.84 1537.80
2544 2661 90.33 708.33
2545 1748 48.13 713.25
2546 2668 903.09 219.14
2547 2669 903.18 819.35
2548 1744 478.83 379.35
2549 1645 41.58 455.43
2550 1644 409.55 136.21
2551 1647 410.48 431.22
2552 1646 41.66 89.96
2553 1641 406.97 1370.62
2554 1640 405.98 383.37
2555 1643 408.66 420.47
2556 1642 408.66 275.21
2557 1396 236.77 527.19
2558 1649 412.24 247.50
2559 1648 411.67 1321.24
2560 728 1276.15 1013.53
2561 729 1276.23 36.29
2562 579 1203.93 137.27
2563 578 1203.92 110.66
2564 573 1201.13 275.48
2565 572 1201.04 584.37
2566 571 1200.86 752.68
2567 570 1200.61 602.48
2568 577 1203.76 683.07
2569 576 1203.71 1046.84
2570 575 1201.82 1502.90
2571 574 1201.24 1167.79
2572 2808 971.86 143.47
2573 2809 972.06 435.34
2574 2802 968.53 697.28
2575 2803 968.68 1072.17
2576 2800 967.84 1444.11
2577 2801 967.98 141.74
2578 2806 969.11 675.23
2579 2807 971.00 333.63
2580 2804 968.85 153.39
2581 1208 1509.89 1034.93
2582 1421 25.59 1548.18
2583 1420 25.22 346.86
2584 1423 252.09 840.55
2585 1422 25.95 1533.51
2586 1425 254.90 725.91
2587 1424 252.39 0.68
2588 1427 255.58 18.88
2589 2155 682.29 324.90
2590 1429 257.05 1441.17
2591 1428 255.74 471.79
2592 939 1370.55 1033.16
2593 731 1278.29 151.98
2594 730 1277.43 906.40
2595 733 1278.98 141.65
2596 732 1278.65 1088.44
2597 735 1279.75 929.61
2598 734 1279.00 536.34
2599 737 1280.02 1211.89
2600 736 128.31 878.53
2601 739 1280.60 1402.96
2602 2150 680.98 1102.07
2603 2403 794.77 462.53
2604 1359 205.94 74.54
2605 1358 205.32 1317.12
2606 469 1156.19 709.75
2607 2400 792.96 715.69
2608 465 1150.16 636.11
2609 464 115.57 537.60
2610 467 1151.85 1429.41
2611 1350 201.45 664.72
2612 1357 205.32 1228.35
2613 460 1148.65 348.72
2614 1355 203.56 652.77
2615 608 1218.73 1044.49
2616 2158 684.33 823.62
2617 2159 684.90 79.44
2618 1519 317.83 521.24
2619 935 1369.26 1497.19
2620 1515 315.22 79.91
2621 1514 314.68 664.02
2622 1517 316.88 1330.12
2623 1516 315.69 1028.08
2624 1511 31.91 480.71
2625 1510 31.25 718.88
2626 1513 313.98 758.26
2627 1512 312.62 507.11
2628 723 1272.37 431.23
2629 49 1384.84 1.09
2630 357 1096.00 1260.68
2631 356 1095.41 1150.74
2632 355 1095.00 1396.01
2633 354 1094.99 678.13
2634 353 1094.46 117.89
2635 352 1093.46 308.62
2636 351 1093.15 617.58
2637 350 1093.15 533.57
2638 359 1098.37 1146.06
2639 358 1096.91 1184.35
2640 2323 760.68 1091.48
2641 2322 760.15 299.56
2642 2321 760.15 1338.75
2643 2320 76.53 544.66
2644 2327 762.50 895.16
2645 2326 762.03 645.38
2646 2325 760.89 1518.19
2647 1110 1461.99 343.57
2648 2329 763.26 464.38
2649 2328 762.54 231.43
2650 1445 272.34 1438.82
2651 484 1162.43 1307.72
2652 289 1064.68 1127.87
2653 288 1064.35 641.71
2654 1444 271.72 513.80
2655 281 1061.31 1081.37
2656 280 1060.76 675.81
2657 283 1061.99 1427.68
2658 282 1061.44 1015.81
2659 285 1062.85 358.63
2660 284 1062.41 316.81
2661 287 1064.24 703.08
2662 1442 269.72 1525.37
2663 1441 268.95 126.13
2664 1116 1466.97 1100.77
2665 263 1051.32 1488.79
2666 262 1050.97 1043.05
2667 261 1050.65 914.80
2668 260 1050.25 1195.76
2669 267 1056.81 103.80
2670 266 1054.65 311.20
2671 265 1054.26 1226.00
2672 1293 162.41 574.03
2673 286 1064.14 341.39
2674 269 1058.10 253.85
2675 268 1057.20 1368.86
2676 1562 342.06 54.41
2677 182 1014.55 201.68
2678 2499 828.87 887.78
2679 2498 827.52 745.70
2680 1563 345.42 28.27
2681 2491 826.15 1500.55
2682 2490 825.19 915.81
2683 2493 826.27 437.82
2684 2492 826.18 303.88
2685 2495 826.98 388.82
2686 2494 826.74 1408.25
2687 2497 827.51 655.27
2688 2496 827.40 810.34
2689 259 105.43 41.42
2690 1566 349.94 1334.17
2691 2259 728.98 533.26
2692 2258 727.84 757.24
2693 2257 727.70 226.62
2694 2256 727.47 246.45
2695 2255 727.38 1560.52
2696 2254 727.38 1305.95
2697 2253 727.14 1423.64
2698 2252 726.79 1293.02
2699 2251 726.51 83.53
2700 2250 725.42 185.66
2701 2477 822.62 1382.97
2702 2476 822.24 988.82
2703 2475 822.03 1448.23
2704 2474 821.45 1471.15
2705 2473 820.34 739.13
2706 2472 82.58 28.85
2707 2471 82.48 558.04
2708 2470 819.22 91.29
2709 982 139.36 528.67
2710 983 1390.05 302.37
2711 980 1389.00 475.23
2712 981 1389.17 196.06
2713 986 1392.85 343.57
2714 987 1393.45 910.46
2715 984 1390.54 1197.78
2716 2478 822.81 1362.33
2717 115 612.15 1559.34
2718 114 595.69 1559.34
2719 117 625.08 1560.52
2720 116 615.05 0.96
2721 111 558.96 0.64
2722 110 52.70 1.63
2723 113 580.99 1559.93
2724 112 569.23 1560.52
2725 119 640.96 1.77
2726 118 631.07 1132.47
2727 2785 961.96 1311.24
2728 2784 961.65 1069.35
2729 2787 962.28 1125.17
2730 2786 962.16 277.79
2731 2781 959.07 390.89
2732 2780 958.69 1452.76
2733 2783 960.15 771.99
2734 2782 959.36 317.67
2735 2789 963.67 194.35
2736 2788 962.54 1240.69
2737 1797 501.86 234.02
2738 2079 648.02 1301.45
2739 2078 648.01 1524.65
2740 2073 645.17 1059.20
2741 2072 643.67 1084.58
2742 2071 643.66 701.57
2743 2070 642.72 1363.57
2744 2077 647.44 861.21
2745 2076 646.84 1321.24
2746 2075 646.09 1288.86
2747 2074 645.23 129.45
2748 1330 193.95 133.74
2749 2671 903.95 386.88
2750 2670 903.95 229.49
2751 2673 904.84 755.77
2752 2672 903.98 1407.73
2753 2675 907.18 158.56
2754 2674 906.76 1084.83
2755 2677 907.47 1163.11
2756 2676 907.40 278.22
2757 2679 908.48 197.80
2758 2678 908.44 397.04
2759 1209 1510.04 1080.44
2760 1986 604.52 1454.63
2761 1631 400.62 216.21
2762 1632 401.09 1475.86
2763 1633 402.27 1487.62
2764 1982 601.54 719.47
2765 1983 601.57 1290.67
2766 1980 60.94 854.65
2767 1637 404.03 1345.93
2768 1638 404.64 16.42
2769 1639 404.84 1442.66
2770 1988 606.04 535.11
2771 1989 606.33 1073.32
2772 1781 492.69 105.37
2773 568 1200.06 1195.43
2774 2814 975.48 1357.69
2775 2817 977.01 440.90
2776 2816 975.74 77.06
2777 2811 973.30 475.50
2778 2810 972.54 1228.35
2779 2813 975.05 410.88
2780 2812 974.40 1164.25
2781 560 1195.41 1016.84
2782 561 1197.64 287.35
2783 562 1198.30 1524.07
2784 563 1199.10 8.05
2785 564 1199.12 819.39
2786 2818 977.24 1197.78
2787 566 1199.73 304.11
2788 567 12.35 1488.78
2789 1188 1498.31 536.34
2790 1189 1499.01 418.30
2791 1186 1497.45 1466.14
2792 1187 1497.54 1119.00
2793 1184 1496.95 1267.74
2794 1185 1497.29 930.19
2795 1182 1494.97 953.97
2796 1183 1496.21 553.80
2797 1180 1493.81 869.28
2798 1181 1494.01 1155.45
2799 726 1273.47 76.92
2800 727 1275.16 325.07
2801 724 1272.78 98.96
2802 725 1272.96 1408.25
2803 722 1272.21 877.98
2804 1749 48.51 1452.35
2805 720 1270.47 855.94
2806 721 1270.47 963.25
2807 372 1104.88 591.02
2808 1745 479.28 1404.13
2809 1746 479.30 937.19
2810 1747 479.65 151.45
2811 1740 476.59 335.74
2812 1741 477.49 350.30
2813 1742 477.83 894.42
2814 1743 478.14 177.96
2815 1164 1489.16 835.63
2816 1165 1489.62 1148.91
2817 1166 1489.93 639.01
2818 1167 149.12 1123.35
2819 1160 1486.88 1530.22
2820 1161 1487.13 486.05
2821 1162 1487.42 973.12
2822 1163 1487.81 1429.41
2823 1168 149.97 52.46
2824 1169 1491.07 1227.76
2825 1366 212.37 1258.92
2826 48 1368.13 1560.68
2827 473 1157.15 467.73
2828 46 1350.51 1561.36
2829 47 1362.23 0.52
2830 44 1321.71 1559.95
2831 45 1327.73 1180.18
2832 42 1299.45 0.41
2833 43 13.06 1560.70
2834 40 1261.08 0.48
2835 41 1279.43 1560.61
2836 1568 350.17 114.12
2837 1569 351.71 1354.16
2838 1298 167.25 465.10
2839 1299 167.69 786.40
2840 1560 341.62 606.01
2841 1561 341.71 1390.02
2842 1290 160.82 275.66
2843 1291 162.41 538.34
2844 1564 347.38 380.35
2845 1297 165.58 969.26
2846 1294 163.58 1143.69
2847 1295 164.75 1170.15
2848 1713 452.91 32.96
2849 1360 207.40 489.63
2850 1712 452.70 137.00
2851 2033 626.49 426.94
2852 1711 451.58 415.05
2853 794 1300.33 7.36
2854 1717 456.26 311.64
2855 792 130.42 756.86
2856 1715 454.41 539.56
2857 1714 454.21 148.43
2858 472 1157.14 1166.03
2859 1367 212.53 1400.40
2860 1364 211.67 1359.87
2861 471 1156.88 292.52
2862 1362 21.29 1524.56
2863 1363 210.61 1375.91
2864 474 1157.35 722.51
2865 1361 208.41 301.83
2866 478 1160.73 305.60
2867 479 1161.32 1420.89
2868 1368 212.79 93.20
2869 1369 213.35 497.81
