0 165 586.88 64.15
1 133 240.52 558.34
2 164 584.30 556.90
3 131 240.52 1139.55
4 130 238.24 175.66
5 137 246.33 1287.75
6 136 243.43 773.39
7 135 243.43 619.37
8 134 240.52 848.94
9 139 286.23 105.08
10 138 246.33 1430.15
11 166 588.65 250.45
12 24 1558.70 1031.73
13 25 1558.70 1278.74
14 26 1559.08 238.49
15 167 665.92 846.12
16 20 1557.29 1137.59
17 21 1557.29 1330.97
18 22 1557.99 74.03
19 23 1557.99 848.94
20 160 579.95 845.96
21 28 1559.41 549.70
22 29 1559.41 696.50
23 94 1385.79 990.09
24 0 -0.35 1284.99
25 4 1.82 1002.45
26 8 1.82 848.14
27 96 1387.20 75.44
28 87 135.20 44.39
29 119 1536.82 696.50
30 120 1538.23 549.70
31 121 154.96 17.57
32 122 160.61 64.15
33 123 164.97 700.73
34 124 18.04 90.97
35 125 181.78 81.09
36 126 20.87 9.10
37 127 201.54 47.21
38 128 230.03 250.45
39 129 237.62 1000.06
40 59 1100.67 847.53
41 58 1100.67 690.85
42 132 240.52 413.04
43 55 1097.84 1423.42
44 54 1096.43 480.54
45 57 1097.84 82.50
46 56 1097.84 405.73
47 51 1063.97 1426.25
48 50 1031.50 689.44
49 53 1095.06 246.10
50 52 1072.44 1539.17
51 16 1387.20 3.45
52 201 958.11 479.13
53 199 956.69 688.03
54 179 785.90 1134.07
55 147 380.01 700.73
56 195 952.46 83.91
57 194 95.22 558.34
58 197 956.69 1136.89
59 178 780.26 991.50
60 191 921.41 1549.05
61 190 92.31 848.94
62 193 95.22 1284.85
63 192 95.22 1142.45
64 115 1534.00 991.50
65 177 775.06 845.99
66 88 1350.50 1536.34
67 89 1357.56 1516.58
68 111 1527.65 1377.55
69 110 1527.65 1277.33
70 113 1530.47 1137.59
71 176 767.55 693.68
72 82 1296.87 1534.93
73 83 1298.28 1486.94
74 80 1285.57 848.94
75 81 1291.22 695.09
76 86 1339.21 775.54
77 118 1536.82 401.50
78 84 1337.80 848.94
79 85 1339.21 697.91
80 140 313.17 700.73
81 141 32.16 69.79
82 27 1559.41 401.50
83 3 1.11 74.03
84 7 1.82 559.07
85 170 736.50 6.28
86 108 1524.82 1426.95
87 109 1526.24 1330.97
88 102 1392.81 237.41
89 103 1453.54 1276.63
90 100 1390.03 697.91
91 101 1390.03 847.53
92 106 1524.12 1503.88
93 107 1524.12 1529.29
94 104 1453.54 1427.66
95 105 150.73 124.84
96 39 723.09 1559.63
97 38 589.70 1558.93
98 33 245.30 0.63
99 32 2.23 700.73
100 31 169.08 2.04
101 30 1560.11 1378.96
102 37 571.35 0.63
103 36 514.89 1558.93
104 35 388.69 1561.02
105 34 246.33 1558.02
106 162 580.53 703.64
107 60 1100.67 990.09
108 61 1102.08 1134.07
109 62 1102.08 546.88
110 63 1103.49 1266.75
111 64 115.44 171.42
112 65 1226.29 1530.70
113 66 1230.53 1484.12
114 67 1243.23 1424.84
115 68 1244.64 1273.80
116 69 1244.64 775.54
117 175 766.28 1433.62
118 174 761.91 553.94
119 173 756.26 408.55
120 172 751.65 243.93
121 171 747.79 89.55
122 198 956.69 548.29
123 203 958.13 246.10
124 145 380.00 409.11
125 182 795.78 1419.19
126 183 883.30 992.92
127 180 788.73 1215.93
128 181 791.55 1279.45
129 186 92.31 1000.06
130 187 92.31 256.11
131 184 886.12 848.94
132 185 912.94 1429.07
133 188 92.31 413.04
134 189 92.31 703.64
135 196 955.28 402.91
136 6 1.82 413.45
137 142 370.92 2.04
138 99 1390.03 549.70
139 98 1388.61 402.91
140 168 668.75 992.92
141 169 721.68 1458.01
142 91 1363.21 1489.76
143 90 1358.85 1127.24
144 93 1384.38 1426.25
145 92 1384.38 1276.63
146 95 1387.20 1115.72
147 161 579.95 991.58
148 97 1387.20 779.78
149 163 584.30 409.11
150 11 1095.02 2.04
151 10 1073.85 1560.34
152 13 1244.64 2.04
153 12 1223.47 1557.52
154 15 1347.68 1558.93
155 14 1296.87 1558.93
156 17 1525.53 1558.93
157 114 1533.00 238.49
158 19 1555.88 1426.95
159 18 1529.76 2.04
160 143 376.57 140.37
161 117 1536.82 1042.32
162 116 1535.41 847.53
163 151 384.35 1284.99
164 150 382.17 845.96
165 153 475.63 1139.38
166 152 386.52 1426.27
167 155 577.78 1215.44
168 154 475.63 998.10
169 157 577.78 1421.92
170 156 577.78 1280.65
171 159 579.95 1526.24
172 158 579.95 1135.03
173 112 1529.76 74.03
174 48 1023.03 1543.40
175 49 1031.50 545.47
176 46 98.13 1560.92
177 47 1014.57 1427.66
178 44 949.64 3.45
179 45 970.81 1558.93
180 42 822.60 1560.34
181 43 921.41 1560.34
182 40 771.79 0.63
183 41 788.73 1558.93
184 1 -0.35 1430.61
185 5 1.82 1143.72
186 9 1024.45 1558.93
187 146 380.00 998.10
188 200 956.69 992.92
189 144 377.83 250.45
190 202 958.11 846.12
191 205 959.52 1340.15
192 204 959.52 1282.27
193 207 970.81 1546.22
194 206 965.16 1424.84
195 209 98.50 54.27
196 208 98.13 1430.15
197 148 382.17 1137.20
198 149 382.17 554.72
199 77 1247.46 546.88
200 76 1247.46 402.91
201 75 1246.05 75.44
202 74 1246.05 1187.70
203 73 1246.05 1132.65
204 72 1245.02 241.75
205 71 1244.64 988.68
206 70 1244.64 847.53
207 79 1285.57 779.78
208 78 1247.46 696.50
209 2 -0.35 252.62
