0 133
1 91
2 131
3 130
4 137
5 136
6 135
7 134
8 139
9 138
10 166
11 24
12 25
13 26
14 27
15 20
16 21
17 22
18 23
19 160
20 28
21 29
22 161
23 0
24 4
25 8
26 96
27 68
28 120
29 121
30 122
31 123
32 124
33 125
34 126
35 127
36 128
37 129
38 59
39 58
40 132
41 55
42 54
43 57
44 56
45 51
46 50
47 53
48 52
49 64
50 90
51 178
52 115
53 114
54 117
55 89
56 111
57 110
58 113
59 112
60 82
61 83
62 80
63 81
64 119
65 87
66 84
67 85
68 3
69 7
70 108
71 109
72 102
73 103
74 100
75 101
76 106
77 107
78 104
79 105
80 39
81 38
82 33
83 32
84 31
85 30
86 37
87 36
88 35
89 34
90 176
91 60
92 61
93 62
94 63
95 97
96 65
97 66
98 67
99 177
100 69
101 175
102 174
103 173
104 172
105 171
106 170
107 2
108 167
109 6
110 99
111 98
112 168
113 169
114 164
115 165
116 93
117 92
118 95
119 94
120 162
121 163
122 11
123 10
124 13
125 12
126 15
127 14
128 17
129 16
130 19
131 18
132 88
133 116
134 151
135 150
136 153
137 152
138 155
139 154
140 157
141 156
142 159
143 158
144 48
145 49
146 46
147 86
148 44
149 45
150 42
151 43
152 40
153 118
154 1
155 5
156 9
157 146
158 147
159 144
160 145
161 142
162 143
163 140
164 141
165 148
166 149
167 77
168 76
169 75
170 74
171 73
172 72
173 71
174 70
175 79
176 78
177 41
178 47
