0 133 360.09 1390.47
1 91 129.17 573.65
2 131 354.24 1522.67
3 130 339.06 188.54
4 137 378.47 720.70
5 136 376.17 680.49
6 135 364.91 139.71
7 134 364.39 1324.41
8 139 388.81 939.55
9 138 38.41 1013.65
10 166 770.59 205.05
11 24 1464.20 28.42
12 25 1539.37 926.92
13 26 1557.03 1312.21
14 27 1557.17 1083.73
15 20 1271.77 2.57
16 21 130.32 1324.41
17 22 1411.07 -0.30
18 23 1429.08 747.70
19 160 713.87 1524.06
20 28 1557.54 276.85
21 29 1557.75 590.31
22 161 718.17 411.12
23 0 -0.07 1188.85
24 4 -0.65 1520.29
25 8 0.87 200.74
26 96 1371.57 1055.91
27 68 1145.40 232.34
28 120 257.84 1521.44
29 121 259.56 1215.27
30 122 260.08 178.48
31 123 268.18 1083.73
32 124 268.69 211.51
33 125 275.07 961.96
34 126 29.22 767.80
35 127 311.77 108.12
36 128 326.13 418.30
37 129 334.75 445.59
38 59 1088.85 1020.90
39 58 1085.29 811.75
40 132 36.77 482.21
41 55 1069.29 255.31
42 54 1054.93 587.04
43 57 1084.57 924.48
44 56 1069.49 1468.02
45 51 1027.13 946.02
46 50 1020.46 368.76
47 53 1033.39 424.77
48 52 1029.08 95.91
49 64 1119.55 113.14
50 90 1282.03 587.72
51 178 996.05 272.55
52 115 207.29 558.71
53 114 196.17 500.88
54 117 242.91 966.55
55 89 128.60 1238.25
56 111 18.31 1521.15
57 110 1560.41 37.03
58 113 189.71 451.33
59 112 181.09 205.77
60 82 1233.20 1215.27
61 83 1233.27 1297.52
62 80 1211.66 548.95
63 81 1220.28 1476.63
64 119 251.52 739.66
65 87 1278.23 547.55
66 84 1233.92 1126.96
67 85 1234.64 803.13
68 3 -0.57 489.39
69 7 0.50 1020.55
70 108 1536.00 545.39
71 109 1547.49 2.57
72 102 146.40 989.53
73 103 1464.20 151.92
74 100 1434.82 602.95
75 101 1439.79 82.99
76 106 1513.02 400.35
77 107 153.30 1434.99
78 104 1490.05 278.29
79 105 151.57 751.14
80 39 435.99 324.24
81 38 352.91 1559.92
82 33 1558.98 544.90
83 32 1558.98 403.23
84 31 1558.98 147.61
85 30 1558.46 1523.31
86 37 273.72 2.57
87 36 256.69 1551.31
88 35 222.23 1361.75
89 34 200.48 2.57
90 176 970.20 169.15
91 60 110.01 467.85
92 61 1106.62 414.71
93 62 1109.50 81.55
94 63 1112.57 1468.02
95 97 139.51 648.32
96 65 112.51 1201.49
97 66 1129.81 570.49
98 67 1135.55 1209.53
99 177 98.73 1460.84
100 69 1155.65 807.44
101 175 960.15 117.45
102 174 952.25 1519.75
103 173 947.94 1278.49
104 172 94.93 238.80
105 171 938.61 126.07
106 170 888.35 299.83
107 2 -0.57 352.96
108 167 789.26 54.27
109 6 -0.65 770.10
110 99 1426.86 52.83
111 98 140.37 1410.58
112 168 826.60 156.23
113 169 870.60 1167.17
114 164 748.33 629.40
115 165 762.00 627.51
116 93 1347.16 1516.88
117 92 1314.13 1302.91
118 95 1350.24 1303.59
119 94 1347.37 1256.20
120 162 72.30 1196.89
121 163 733.60 976.92
122 11 1001.07 1.85
123 10 1.59 270.39
124 13 1088.67 1.85
125 12 1054.41 1557.77
126 15 1136.78 -1.74
127 14 1106.11 1559.21
128 17 1187.04 116.02
129 16 1172.17 1559.21
130 19 1268.24 718.98
131 18 1212.38 1560.64
132 88 1278.95 19.80
133 116 24.56 263.21
134 151 608.52 1549.87
135 150 592.52 378.81
136 153 630.58 645.20
137 152 615.50 51.39
138 155 645.14 1250.46
139 154 637.24 1521.15
140 157 673.86 1204.50
141 156 667.19 226.59
142 159 706.17 1557.05
143 158 700.94 349.37
144 48 931.43 406.10
145 49 97.09 -0.30
146 46 865.37 186.38
147 86 1261.72 202.18
148 44 637.04 275.42
149 45 818.90 1562.08
150 42 6.61 2.57
151 43 605.65 1559.92
152 40 458.89 1559.35
153 118 244.28 131.10
154 1 -0.36 1456.53
155 5 -0.65 569.05
156 9 1.08 1512.54
157 146 542.26 953.23
158 147 551.08 1525.46
159 144 523.80 1239.40
160 145 531.26 1100.96
161 142 503.65 949.79
162 143 516.33 663.26
163 140 409.42 425.48
164 141 462.33 1522.59
165 148 554.67 1240.40
166 149 579.60 249.57
167 77 1184.38 1473.76
168 76 1184.17 403.23
169 75 118.83 996.42
170 74 118.63 513.80
171 73 1175.55 345.78
172 72 1168.37 70.06
173 71 116.53 1069.95
174 70 1159.24 1121.21
175 79 12.56 1217.57
176 78 1192.99 1210.97
177 41 598.26 -0.30
178 47 924.96 0.42
