0 344
1 345
2 346
3 347
4 340
5 341
6 342
7 343
8 348
9 349
10 298
11 299
12 296
13 297
14 294
15 295
16 292
17 293
18 290
19 291
20 270
21 271
22 272
23 273
24 274
25 275
26 276
27 277
28 278
29 279
30 1132
31 108
32 109
33 102
34 103
35 100
36 101
37 106
38 107
39 104
40 105
41 99
42 98
43 91
44 90
45 93
46 92
47 95
48 94
49 97
50 96
51 559
52 558
53 555
54 554
55 557
56 556
57 551
58 550
59 553
60 552
61 1199
62 1198
63 1191
64 1190
65 1193
66 1192
67 1195
68 1194
69 1197
70 1196
71 1177
72 1176
73 1175
74 1174
75 1173
76 1172
77 1171
78 1170
79 1179
80 1178
81 1007
82 1006
83 1005
84 1285
85 1284
86 1287
87 1004
88 1281
89 1280
90 1283
91 1282
92 515
93 1289
94 1288
95 514
96 689
97 688
98 685
99 684
100 687
101 516
102 681
103 680
104 683
105 682
106 458
107 1226
108 1225
109 1224
110 1223
111 626
112 1221
113 1243
114 624
115 407
116 406
117 405
118 404
119 1375
120 1374
121 1377
122 400
123 1379
124 1378
125 1342
126 409
127 408
128 1343
129 1344
130 455
131 456
132 1347
133 1018
134 379
135 378
136 371
137 370
138 373
139 372
140 375
141 374
142 377
143 376
144 1019
145 393
146 392
147 391
148 390
149 397
150 396
151 395
152 394
153 399
154 398
155 1247
156 245
157 244
158 247
159 246
160 241
161 240
162 243
163 242
164 249
165 248
166 179
167 178
168 177
169 176
170 175
171 174
172 173
173 172
174 171
175 170
176 1364
177 1115
178 1362
179 1114
180 1142
181 1143
182 1140
183 1141
184 1146
185 1147
186 1144
187 1145
188 1148
189 1149
190 692
191 693
192 690
193 691
194 696
195 697
196 694
197 695
198 698
199 699
200 542
201 543
202 540
203 541
204 546
205 547
206 544
207 545
208 548
209 549
210 761
211 414
212 415
213 416
214 417
215 1388
216 1389
217 412
218 413
219 1384
220 1385
221 1386
222 1387
223 1380
224 419
225 1382
226 1383
227 368
228 369
229 366
230 367
231 364
232 365
233 362
234 363
235 360
236 361
237 380
238 381
239 382
240 383
241 384
242 385
243 386
244 387
245 388
246 389
247 258
248 259
249 252
250 253
251 250
252 251
253 256
254 257
255 254
256 255
257 168
258 169
259 164
260 165
261 166
262 167
263 160
264 161
265 162
266 163
267 1090
268 679
269 670
270 671
271 809
272 808
273 803
274 802
275 801
276 800
277 807
278 806
279 805
280 804
281 1159
282 1158
283 1155
284 1154
285 1157
286 1156
287 1151
288 1150
289 1153
290 1152
291 59
292 58
293 55
294 54
295 57
296 56
297 51
298 50
299 53
300 52
301 537
302 536
303 535
304 534
305 533
306 532
307 531
308 530
309 539
310 538
311 429
312 428
313 1399
314 1398
315 1397
316 1396
317 1395
318 1394
319 425
320 424
321 427
322 1390
323 853
324 229
325 228
326 227
327 226
328 225
329 224
330 223
331 222
332 221
333 220
334 151
335 150
336 153
337 152
338 155
339 154
340 157
341 156
342 159
343 158
344 818
345 0
346 810
347 811
348 812
349 813
350 814
351 815
352 816
353 817
354 1490
355 421
356 1492
357 1493
358 1494
359 1495
360 420
361 423
362 422
363 1393
364 1392
365 1391
366 426
367 1128
368 1129
369 1120
370 1121
371 1122
372 1123
373 1124
374 1125
375 1126
376 1127
377 524
378 525
379 526
380 527
381 520
382 521
383 522
384 523
385 1014
386 1015
387 1016
388 1017
389 528
390 529
391 1012
392 1013
393 1234
394 1235
395 1236
396 1237
397 1230
398 1231
399 1232
400 1233
401 1238
402 1239
403 438
404 439
405 436
406 437
407 434
408 435
409 432
410 433
411 430
412 431
413 238
414 239
415 234
416 235
417 236
418 237
419 230
420 231
421 232
422 233
423 1
424 146
425 147
426 144
427 145
428 142
429 143
430 140
431 141
432 148
433 149
434 939
435 938
436 933
437 932
438 931
439 930
440 937
441 936
442 935
443 934
444 829
445 828
446 825
447 824
448 827
449 826
450 821
451 820
452 823
453 822
454 1483
455 1482
456 1481
457 1480
458 1487
459 1486
460 1485
461 1484
462 1489
463 1488
464 797
465 796
466 795
467 794
468 793
469 792
470 791
471 790
472 799
473 798
474 1270
475 1271
476 610
477 1139
478 1273
479 1133
480 616
481 1131
482 1130
483 1137
484 1136
485 1135
486 1134
487 614
488 1277
489 519
490 518
491 1009
492 1008
493 511
494 510
495 513
496 512
497 1003
498 1002
499 1001
500 1000
501 1227
502 622
503 621
504 620
505 627
506 1222
507 625
508 1220
509 629
510 628
511 1229
512 1228
513 2
514 1286
515 11
516 10
517 13
518 12
519 15
520 14
521 17
522 16
523 19
524 18
525 201
526 200
527 203
528 202
529 205
530 204
531 207
532 206
533 209
534 208
535 686
536 928
537 929
538 920
539 921
540 922
541 923
542 924
543 925
544 926
545 927
546 832
547 833
548 830
549 831
550 836
551 837
552 834
553 835
554 838
555 839
556 3
557 784
558 785
559 786
560 787
561 780
562 781
563 782
564 783
565 788
566 789
567 60
568 61
569 62
570 63
571 64
572 65
573 66
574 67
575 68
576 69
577 1371
578 1370
579 1373
580 1038
581 1372
582 508
583 509
584 1032
585 403
586 1030
587 505
588 502
589 503
590 500
591 402
592 1212
593 1213
594 1210
595 1211
596 1216
597 1217
598 636
599 637
600 638
601 639
602 1218
603 1219
604 1454
605 1107
606 1456
607 1457
608 1450
609 1103
610 1100
611 1453
612 1458
613 1459
614 1108
615 1109
616 216
617 217
618 214
619 215
620 212
621 213
622 210
623 211
624 218
625 219
626 462
627 4
628 919
629 918
630 915
631 914
632 917
633 916
634 911
635 910
636 913
637 912
638 847
639 846
640 845
641 844
642 843
643 842
644 841
645 840
646 849
647 848
648 663
649 1039
650 753
651 752
652 751
653 750
654 757
655 756
656 755
657 754
658 759
659 758
660 506
661 507
662 504
663 1025
664 1024
665 1027
666 1026
667 1021
668 1020
669 1023
670 1022
671 1036
672 1029
673 1028
674 1037
675 1034
676 1035
677 605
678 604
679 607
680 606
681 601
682 600
683 603
684 602
685 1205
686 1204
687 1207
688 1206
689 609
690 1200
691 1203
692 1202
693 633
694 634
695 635
696 1214
697 1215
698 1447
699 1110
700 1113
701 1112
702 1443
703 1442
704 1441
705 1116
706 1119
707 1118
708 467
709 1449
710 1448
711 466
712 461
713 450
714 460
715 463
716 489
717 488
718 487
719 486
720 485
721 1354
722 483
723 482
724 481
725 480
726 199
727 198
728 195
729 194
730 197
731 196
732 191
733 190
734 193
735 192
736 1106
737 1455
738 1104
739 1105
740 1102
741 1451
742 1452
743 1101
744 902
745 903
746 900
747 901
748 906
749 907
750 904
751 905
752 908
753 909
754 854
755 855
756 856
757 857
758 850
759 851
760 852
761 819
762 858
763 859
764 6
765 740
766 741
767 742
768 743
769 744
770 745
771 746
772 747
773 748
774 749
775 1050
776 1051
777 1052
778 1053
779 1054
780 1055
781 1056
782 1057
783 1058
784 1059
785 1278
786 1279
787 618
788 619
789 612
790 613
791 1272
792 611
793 1274
794 617
795 1276
796 615
797 1491
798 1472
799 1473
800 1470
801 1471
802 1476
803 1477
804 1474
805 1475
806 1478
807 1479
808 1304
809 1305
810 1306
811 1307
812 1300
813 1301
814 1302
815 1303
816 1308
817 1309
818 498
819 499
820 494
821 495
822 496
823 497
824 490
825 491
826 492
827 493
828 24
829 25
830 26
831 27
832 20
833 21
834 22
835 23
836 28
837 29
838 7
839 972
840 1087
841 1086
842 1085
843 1084
844 1083
845 1082
846 977
847 976
848 975
849 974
850 973
851 1081
852 971
853 970
854 1080
855 979
856 978
857 182
858 183
859 180
860 181
861 186
862 187
863 184
864 185
865 188
866 189
867 869
868 868
869 861
870 860
871 863
872 862
873 865
874 864
875 867
876 866
877 883
878 882
879 881
880 880
881 887
882 886
883 885
884 884
885 889
886 888
887 775
888 774
889 777
890 776
891 771
892 770
893 773
894 772
895 779
896 778
897 77
898 76
899 75
900 74
901 73
902 72
903 71
904 70
905 79
906 78
907 1043
908 1042
909 1041
910 1040
911 1047
912 1046
913 1045
914 1044
915 1049
916 1048
917 1269
918 1268
919 669
920 668
921 1263
922 1262
923 665
924 1260
925 1267
926 662
927 1265
928 1264
929 1469
930 1468
931 1465
932 8
933 1467
934 1466
935 1461
936 1460
937 1463
938 1462
939 1317
940 1316
941 1315
942 1314
943 1313
944 1312
945 1311
946 1310
947 1319
948 1318
949 1010
950 464
951 1011
952 319
953 318
954 313
955 312
956 311
957 310
958 317
959 316
960 315
961 314
962 1335
963 1334
964 1337
965 440
966 447
967 1330
968 1333
969 444
970 630
971 631
972 632
973 964
974 965
975 966
976 967
977 960
978 961
979 962
980 963
981 401
982 968
983 969
984 1241
985 878
986 879
987 876
988 877
989 874
990 875
991 872
992 873
993 870
994 871
995 1242
996 9
997 1245
998 1244
999 890
1000 891
1001 892
1002 893
1003 894
1004 895
1005 896
1006 897
1007 898
1008 899
1009 1246
1010 1249
1011 1248
1012 768
1013 769
1014 762
1015 763
1016 760
1017 640
1018 766
1019 767
1020 764
1021 765
1022 1078
1023 1079
1024 1076
1025 1077
1026 1074
1027 1075
1028 1072
1029 1073
1030 1070
1031 1071
1032 1094
1033 1095
1034 1096
1035 1097
1036 678
1037 1091
1038 1092
1039 1093
1040 674
1041 675
1042 676
1043 677
1044 1098
1045 1099
1046 672
1047 673
1048 1418
1049 1419
1050 1410
1051 1411
1052 1412
1053 1413
1054 1414
1055 1415
1056 1416
1057 1417
1058 1322
1059 1323
1060 1320
1061 1321
1062 1326
1063 1327
1064 1324
1065 1325
1066 1328
1067 1329
1068 5
1069 1256
1070 1257
1071 1254
1072 1255
1073 1252
1074 1253
1075 1250
1076 1251
1077 1258
1078 1259
1079 308
1080 309
1081 300
1082 301
1083 302
1084 303
1085 304
1086 305
1087 306
1088 307
1089 623
1090 471
1091 959
1092 958
1093 951
1094 950
1095 953
1096 952
1097 955
1098 954
1099 957
1100 956
1101 667
1102 666
1103 1261
1104 664
1105 719
1106 718
1107 717
1108 716
1109 715
1110 714
1111 713
1112 712
1113 711
1114 710
1115 661
1116 660
1117 1069
1118 1068
1119 1061
1120 1060
1121 1063
1122 1062
1123 1065
1124 1064
1125 1067
1126 1066
1127 591
1128 590
1129 593
1130 592
1131 595
1132 594
1133 597
1134 596
1135 599
1136 598
1137 1089
1138 1088
1139 1409
1140 1408
1141 1403
1142 1402
1143 1401
1144 1400
1145 1407
1146 1406
1147 1405
1148 1404
1149 449
1150 448
1151 1339
1152 1338
1153 443
1154 442
1155 441
1156 1336
1157 1331
1158 446
1159 445
1160 1332
1161 501
1162 39
1163 38
1164 33
1165 32
1166 31
1167 30
1168 37
1169 36
1170 35
1171 34
1172 641
1173 1240
1174 643
1175 642
1176 645
1177 644
1178 647
1179 646
1180 649
1181 648
1182 339
1183 338
1184 335
1185 334
1186 337
1187 336
1188 331
1189 330
1190 333
1191 332
1192 1464
1193 1353
1194 948
1195 949
1196 946
1197 947
1198 944
1199 945
1200 942
1201 943
1202 940
1203 941
1204 133
1205 132
1206 131
1207 130
1208 137
1209 136
1210 135
1211 134
1212 139
1213 138
1214 708
1215 709
1216 704
1217 705
1218 706
1219 707
1220 700
1221 701
1222 702
1223 703
1224 88
1225 89
1226 82
1227 83
1228 80
1229 81
1230 86
1231 87
1232 84
1233 85
1234 410
1235 411
1236 586
1237 587
1238 584
1239 585
1240 582
1241 583
1242 580
1243 581
1244 588
1245 589
1246 1436
1247 1437
1248 1434
1249 1435
1250 1432
1251 1433
1252 1430
1253 1431
1254 418
1255 1438
1256 1439
1257 1349
1258 1348
1259 459
1260 1340
1261 451
1262 452
1263 453
1264 454
1265 1345
1266 1346
1267 457
1268 517
1269 1266
1270 656
1271 657
1272 654
1273 655
1274 652
1275 653
1276 650
1277 651
1278 658
1279 659
1280 1376
1281 322
1282 323
1283 320
1284 321
1285 326
1286 327
1287 324
1288 325
1289 328
1290 329
1291 1341
1292 995
1293 994
1294 997
1295 996
1296 991
1297 990
1298 993
1299 992
1300 999
1301 998
1302 120
1303 121
1304 122
1305 123
1306 124
1307 125
1308 126
1309 127
1310 128
1311 129
1312 579
1313 578
1314 573
1315 572
1316 571
1317 570
1318 577
1319 576
1320 575
1321 574
1322 1209
1323 1208
1324 1421
1325 1420
1326 1423
1327 1422
1328 1425
1329 1424
1330 1427
1331 1426
1332 1429
1333 1428
1334 731
1335 730
1336 733
1337 732
1338 735
1339 734
1340 737
1341 736
1342 739
1343 738
1344 1359
1345 1358
1346 469
1347 468
1348 465
1349 1352
1350 1351
1351 1350
1352 1357
1353 1356
1354 1355
1355 608
1356 1275
1357 1138
1358 49
1359 357
1360 356
1361 355
1362 354
1363 353
1364 352
1365 351
1366 350
1367 359
1368 358
1369 1033
1370 1111
1371 1446
1372 1445
1373 289
1374 288
1375 1444
1376 281
1377 280
1378 283
1379 282
1380 285
1381 284
1382 287
1383 286
1384 1117
1385 1440
1386 263
1387 262
1388 261
1389 260
1390 267
1391 266
1392 265
1393 264
1394 1031
1395 269
1396 268
1397 1295
1398 988
1399 989
1400 982
1401 983
1402 980
1403 981
1404 986
1405 987
1406 984
1407 985
1408 115
1409 114
1410 117
1411 116
1412 111
1413 110
1414 113
1415 112
1416 119
1417 118
1418 484
1419 568
1420 569
1421 560
1422 561
1423 562
1424 563
1425 564
1426 565
1427 566
1428 567
1429 1188
1430 1189
1431 1186
1432 1187
1433 1184
1434 1185
1435 1182
1436 1183
1437 1180
1438 1181
1439 726
1440 727
1441 724
1442 725
1443 722
1444 723
1445 720
1446 721
1447 728
1448 729
1449 1164
1450 1165
1451 1166
1452 1167
1453 1160
1454 1161
1455 1162
1456 1163
1457 1168
1458 1169
1459 472
1460 48
1461 1367
1462 46
1463 47
1464 44
1465 45
1466 42
1467 43
1468 40
1469 41
1470 1298
1471 1299
1472 1292
1473 1293
1474 1290
1475 1291
1476 1296
1477 1297
1478 1294
1479 477
1480 474
1481 475
1482 1381
1483 1201
1484 1366
1485 473
1486 470
1487 1365
1488 476
1489 1363
1490 1360
1491 1361
1492 478
1493 479
1494 1368
1495 1369
