0 344
1 0
2 346
3 347
4 340
5 341
6 342
7 343
8 348
9 349
10 298
11 299
12 296
13 297
14 294
15 295
16 292
17 293
18 290
19 291
20 199
21 198
22 195
23 194
24 197
25 196
26 191
27 190
28 193
29 192
30 270
31 271
32 272
33 273
34 274
35 275
36 276
37 277
38 278
39 279
40 449
41 448
42 443
43 442
44 441
45 440
46 447
47 446
48 445
49 444
50 108
51 109
52 102
53 103
54 100
55 101
56 106
57 107
58 104
59 105
60 39
61 38
62 33
63 32
64 31
65 30
66 37
67 36
68 35
69 34
70 438
71 439
72 436
73 437
74 434
75 435
76 432
77 433
78 430
79 431
80 339
81 338
82 335
83 334
84 337
85 336
86 331
87 330
88 333
89 332
90 345
91 6
92 99
93 98
94 91
95 90
96 93
97 92
98 95
99 94
100 97
101 96
102 238
103 239
104 234
105 235
106 236
107 237
108 230
109 231
110 232
111 233
112 1
113 146
114 147
115 144
116 145
117 142
118 143
119 140
120 141
121 148
122 149
123 133
124 132
125 131
126 130
127 137
128 136
129 135
130 134
131 139
132 138
133 24
134 25
135 26
136 27
137 20
138 21
139 22
140 23
141 28
142 29
143 407
144 406
145 405
146 404
147 403
148 402
149 401
150 400
151 409
152 408
153 379
154 378
155 371
156 370
157 373
158 372
159 375
160 374
161 377
162 376
163 393
164 392
165 391
166 89
167 397
168 396
169 395
170 394
171 82
172 83
173 399
174 81
175 86
176 87
177 84
178 85
179 7
180 245
181 244
182 247
183 246
184 241
185 240
186 243
187 242
188 249
189 248
190 458
191 459
192 450
193 451
194 452
195 453
196 454
197 455
198 456
199 457
200 179
201 178
202 177
203 176
204 175
205 174
206 173
207 172
208 171
209 170
210 182
211 183
212 180
213 2
214 186
215 187
216 184
217 185
218 188
219 189
220 11
221 10
222 13
223 12
224 15
225 14
226 17
227 16
228 19
229 18
230 62
231 322
232 323
233 320
234 321
235 326
236 327
237 324
238 325
239 328
240 329
241 201
242 200
243 203
244 202
245 205
246 204
247 207
248 206
249 209
250 208
251 77
252 76
253 75
254 74
255 73
256 72
257 71
258 70
259 79
260 78
261 8
262 120
263 121
264 122
265 123
266 124
267 125
268 126
269 127
270 128
271 129
272 414
273 415
274 416
275 417
276 410
277 411
278 412
279 413
280 418
281 419
282 319
283 318
284 313
285 312
286 311
287 310
288 317
289 316
290 315
291 314
292 3
293 368
294 369
295 366
296 367
297 364
298 365
299 362
300 363
301 360
302 361
303 380
304 381
305 382
306 383
307 384
308 385
309 386
310 387
311 388
312 389
313 60
314 61
315 258
316 259
317 64
318 65
319 66
320 67
321 252
322 69
323 250
324 251
325 256
326 257
327 254
328 255
329 469
330 468
331 465
332 464
333 467
334 466
335 461
336 460
337 463
338 462
339 168
340 169
341 164
342 165
343 166
344 167
345 160
346 161
347 162
348 163
349 9
350 357
351 356
352 355
353 354
354 353
355 352
356 351
357 350
358 359
359 358
360 216
361 217
362 214
363 215
364 212
365 213
366 210
367 211
368 218
369 219
370 289
371 288
372 4
373 281
374 280
375 283
376 282
377 285
378 284
379 287
380 286
381 263
382 262
383 261
384 260
385 267
386 266
387 265
388 264
389 269
390 268
391 59
392 58
393 55
394 54
395 57
396 56
397 51
398 50
399 53
400 52
401 63
402 115
403 68
404 117
405 116
406 111
407 110
408 113
409 253
410 119
411 118
412 429
413 428
414 421
415 420
416 423
417 422
418 425
419 424
420 427
421 426
422 308
423 309
424 300
425 301
426 302
427 303
428 304
429 305
430 306
431 307
432 181
433 229
434 228
435 227
436 226
437 225
438 224
439 223
440 222
441 221
442 220
443 114
444 88
445 390
446 151
447 150
448 153
449 152
450 155
451 154
452 157
453 156
454 159
455 158
456 112
457 80
458 398
459 48
460 49
461 46
462 47
463 44
464 45
465 42
466 43
467 40
468 41
469 5
470 487
471 486
472 485
473 484
474 483
475 482
476 481
477 480
478 472
479 473
480 470
481 471
482 476
483 477
484 474
485 475
486 478
487 479
