0 216 760.05 800.11
1 217 767.18 4.31
2 214 737.23 470.66
3 215 742.94 278.13
4 212 717.98 43.53
5 213 724.40 553.38
6 210 71.22 1333.49
7 211 714.41 1349.18
8 218 78.35 553.38
9 219 785.72 430.73
10 133 1524.47 1149.51
11 227 851.32 710.26
12 131 1515.91 938.44
13 130 1515.20 639.66
14 137 1548.00 448.56
15 136 1541.58 252.46
16 135 1536.59 511.31
17 165 359.30 1434.75
18 139 1558.70 142.65
19 138 1555.13 375.83
20 166 360.01 712.40
21 198 628.84 634.67
22 25 1204.30 1560.96
23 26 122.56 1560.25
24 167 374.28 318.78
25 20 1043.86 0.03
26 21 1073.80 0.03
27 22 1086.64 128.39
28 23 1157.95 794.40
29 95 121.13 1431.89
30 28 1341.92 1.46
31 29 1351.19 1560.96
32 94 12.75 975.52
33 0 -0.09 1103.88
34 97 1225.69 1175.90
35 8 -0.09 981.23
36 96 1213.57 666.05
37 87 116.14 6.45
38 120 1428.92 1229.38
39 121 1436.05 741.63
40 122 1452.45 375.83
41 123 1455.30 442.85
42 124 146.80 242.48
43 125 146.80 879.97
44 126 1485.96 182.58
45 127 1490.24 697.42
46 128 1495.23 271.72
47 129 1496.66 412.91
48 220 792.85 238.20
49 161 315.80 750.90
50 134 1533.74 625.40
51 59 603.89 2.17
52 58 588.91 784.42
53 132 1523.76 324.48
54 55 54.60 840.65
55 54 493.36 1558.82
56 57 587.49 286.69
57 56 566.09 1558.82
58 51 361.44 2.17
59 50 356.45 1560.25
60 53 453.43 1560.25
61 52 427.76 1560.25
62 16 1.34 554.81
63 90 1189.32 427.88
64 164 342.90 80.61
65 201 66.23 44.96
66 199 645.96 355.15
67 66 879.13 1215.83
68 147 197.59 839.65
69 195 607.45 1487.51
70 194 596.04 395.08
71 197 610.30 313.79
72 67 884.84 1559.53
73 191 565.11 355.92
74 190 564.67 1210.84
75 193 588.91 1185.17
76 192 569.66 160.48
77 115 14.88 86.32
78 68 91.88 1000.31
79 88 1163.65 704.55
80 89 1181.48 1429.75
81 111 1364.74 27.13
82 110 1349.77 434.30
83 113 1383.99 381.53
84 112 1364.74 540.55
85 82 1106.61 232.50
86 83 1127.29 1258.62
87 80 1088.07 509.17
88 81 1100.19 1023.30
89 119 1418.93 1015.46
90 118 1414.66 241.05
91 84 1134.42 1469.69
92 85 1139.41 467.81
93 207 690.17 507.74
94 141 17.02 1236.51
95 27 1234.96 1.46
96 3 -0.09 164.04
97 7 -0.09 918.48
98 92 1192.18 154.06
99 24 1201.45 254.60
100 225 839.92 198.27
101 108 1326.95 311.65
102 109 1332.65 1309.96
103 102 1282.74 351.58
104 103 1292.01 84.18
105 100 126.84 517.73
106 101 1263.48 620.41
107 106 1316.25 479.22
108 107 1321.96 1096.75
109 104 1292.01 861.43
110 105 1310.55 583.33
111 39 1559.41 605.44
112 38 1558.70 986.93
113 33 1557.27 1125.27
114 32 1483.11 1.46
115 31 1459.58 542.69
116 30 1397.54 0.03
117 37 1558.70 785.84
118 36 1558.70 252.46
119 35 1558.70 1389.11
120 34 1558.70 1190.87
121 223 821.38 473.52
122 176 438.45 5.03
123 60 665.92 1560.25
124 61 682.33 -0.68
125 62 683.04 202.55
126 63 767.89 1559.53
127 64 770.03 924.18
128 65 861.31 1.46
129 179 466.26 1036.85
130 178 442.02 1400.52
131 177 442.02 1285.00
132 69 -0.09 359.42
133 175 428.47 799.39
134 174 410.64 1531.72
135 173 406.36 1089.62
136 172 402.09 550.53
137 171 40.82 1028.67
138 170 394.95 1491.79
139 203 660.94 274.71
140 181 472.68 238.91
141 145 18.06 784.66
142 182 479.10 1541.71
143 183 48.40 320.92
144 180 466.26 626.12
145 2 -0.09 1247.92
146 186 533.29 714.54
147 187 553.97 960.55
148 184 499.06 474.94
149 185 526.16 1507.48
150 188 558.96 550.53
151 189 56.24 768.02
152 4 -0.09 457.83
153 196 61.23 1210.84
154 221 797.13 1056.81
155 6 -0.09 850.02
156 142 17.02 908.49
157 99 1239.24 386.52
158 98 1229.97 1391.25
159 168 385.68 837.90
160 169 392.82 42.11
161 229 891.26 155.48
162 228 867.73 435.72
163 91 119.71 1178.04
164 226 849.90 1016.88
165 93 1195.03 939.87
166 224 839.20 1501.06
167 160 306.53 1336.34
168 222 807.83 1272.88
169 162 330.78 1145.24
170 163 336.48 877.12
171 11 0.62 100.58
172 10 -2.23 67.78
173 13 1.34 1376.27
174 12 0.62 792.26
175 15 1.34 266.72
176 14 1.34 1497.50
177 17 1.34 899.94
178 114 1388.98 780.14
179 19 1033.87 443.57
180 18 1024.60 1559.53
181 117 1413.94 345.88
182 116 1408.24 497.05
183 204 666.64 83.46
184 151 225.24 437.86
185 150 220.96 1129.55
186 153 243.07 160.48
187 152 24.15 589.04
188 155 258.04 1239.36
189 154 254.48 672.47
190 157 278.01 396.50
191 156 264.46 786.56
192 159 300.12 636.81
193 158 289.42 927.03
194 238 975.40 862.86
195 239 993.23 591.17
196 234 956.15 1141.67
197 235 96.89 280.99
198 236 965.42 356.57
199 237 973.97 88.46
200 230 899.81 974.10
201 231 918.35 395.08
202 232 933.82 120.99
203 233 945.45 630.39
204 48 277.30 0.75
205 49 30.57 0.75
206 46 208.13 617.56
207 86 1142.97 875.53
208 44 1562.26 468.53
209 45 193.87 1563.10
210 42 1560.84 487.07
211 43 1560.84 536.98
212 40 1560.12 273.86
213 41 1560.84 435.72
214 1 -0.09 1223.67
215 5 -0.09 606.15
216 9 -0.80 719.53
217 146 194.58 200.41
218 200 657.37 884.25
219 144 175.33 1528.87
220 202 66.94 944.15
221 205 674.48 1381.98
222 143 174.61 478.51
223 140 1560.12 902.79
224 206 680.90 1113.15
225 209 705.86 844.32
226 208 694.45 316.64
227 148 201.71 710.97
228 149 208.13 1001.19
229 77 1062.40 272.43
230 76 1059.54 12.87
231 75 1040.29 549.82
232 74 1027.45 1338.48
233 73 1019.61 52.80
234 72 1015.33 312.36
235 71 1014.04 516.50
236 70 1006.06 1100.31
237 79 1077.37 1299.97
238 78 1068.10 782.99
239 47 231.13 884.96
