0 216
1 217
2 214
3 215
4 212
5 213
6 210
7 211
8 218
9 219
10 133
11 227
12 131
13 130
14 137
15 136
16 135
17 165
18 139
19 138
20 166
21 198
22 25
23 26
24 167
25 20
26 21
27 22
28 23
29 95
30 28
31 29
32 94
33 0
34 97
35 8
36 96
37 87
38 120
39 121
40 122
41 123
42 124
43 125
44 126
45 127
46 128
47 129
48 220
49 161
50 134
51 59
52 58
53 132
54 55
55 54
56 57
57 56
58 51
59 50
60 53
61 52
62 16
63 90
64 164
65 201
66 199
67 66
68 147
69 195
70 194
71 197
72 67
73 191
74 190
75 193
76 192
77 115
78 68
79 88
80 89
81 111
82 110
83 113
84 112
85 82
86 83
87 80
88 81
89 119
90 118
91 84
92 85
93 207
94 141
95 27
96 3
97 7
98 92
99 24
100 225
101 108
102 109
103 102
104 103
105 100
106 101
107 106
108 107
109 104
110 105
111 39
112 38
113 33
114 32
115 31
116 30
117 37
118 36
119 35
120 34
121 223
122 176
123 60
124 61
125 62
126 63
127 64
128 65
129 179
130 178
131 177
132 69
133 175
134 174
135 173
136 172
137 171
138 170
139 203
140 181
141 145
142 182
143 183
144 180
145 2
146 186
147 187
148 184
149 185
150 188
151 189
152 4
153 196
154 221
155 6
156 142
157 99
158 98
159 168
160 169
161 229
162 228
163 91
164 226
165 93
166 224
167 160
168 222
169 162
170 163
171 11
172 10
173 13
174 12
175 15
176 14
177 17
178 114
179 19
180 18
181 117
182 116
183 204
184 151
185 150
186 153
187 152
188 155
189 154
190 157
191 156
192 159
193 158
194 238
195 239
196 234
197 235
198 236
199 237
200 230
201 231
202 232
203 233
204 48
205 49
206 46
207 86
208 44
209 45
210 42
211 43
212 40
213 41
214 1
215 5
216 9
217 146
218 200
219 144
220 202
221 205
222 143
223 140
224 206
225 209
226 208
227 148
228 149
229 77
230 76
231 75
232 74
233 73
234 72
235 71
236 70
237 79
238 78
239 47
