0 216 679.74 332.50
1 217 68.90 584.99
2 214 669.22 728.33
3 215 679.09 72.11
4 212 649.50 423.24
5 213 656.07 588.93
6 210 627.14 795.40
7 211 640.29 442.96
8 165 279.31 43.18
9 218 698.81 286.47
10 219 70.21 207.57
11 133 1413.22 780.27
12 132 1411.90 746.74
13 131 1410.26 542.91
14 130 141.88 935.62
15 137 1451.03 135.24
16 136 1450.04 608.66
17 135 1443.47 590.25
18 226 735.72 186.25
19 139 147.80 721.75
20 138 1458.92 36.61
21 225 726.43 91.84
22 67 1023.63 599.45
23 25 1363.90 1298.08
24 26 1433.93 237.81
25 27 1439.52 1561.09
26 20 1201.17 2.42
27 21 1276.78 1373.70
28 22 1314.59 1373.70
29 23 1331.36 148.39
30 160 246.68 1445.20
31 28 1476.01 2.42
32 29 1498.70 1436.16
33 94 1125.55 846.03
34 0 -0.47 1169.86
35 4 -0.80 859.84
36 8 0.26 1514.44
37 163 260.90 638.91
38 68 1024.95 115.51
39 87 109.66 654.69
40 13 1099.91 3.73
41 120 1322.15 250.96
42 121 1335.30 93.15
43 122 1343.19 587.62
44 123 1347.47 783.56
45 124 1349.20 698.69
46 125 1383.63 1465.75
47 126 1384.14 698.69
48 127 1385.27 1404.93
49 128 1395.79 290.41
50 129 1409.27 705.97
51 91 1107.47 786.85
52 134 1426.04 87.89
53 59 865.83 44.50
54 58 814.54 30.03
55 55 706.70 6.36
56 54 660.35 1559.45
57 57 800.07 1561.09
58 56 757.99 27.40
59 51 512.07 3.73
60 50 421.04 1560.01
61 53 647.52 3.73
62 52 573.22 500.82
63 164 267.47 658.63
64 146 1539.14 283.84
65 199 475.91 1154.41
66 198 450.92 1209.64
67 200 519.31 390.36
68 195 418.00 134.46
69 194 416.73 496.88
70 197 450.92 1105.75
71 196 420.35 1536.43
72 191 415.42 428.50
73 190 414.10 771.73
74 193 416.73 399.56
75 192 416.73 383.78
76 115 1252.45 428.50
77 114 1252.45 215.46
78 117 1301.44 1409.86
79 116 1298.48 616.55
80 111 124.13 270.69
81 110 1235.36 406.14
82 113 1250.48 1472.33
83 112 1244.56 644.17
84 82 1064.73 1503.56
85 142 1494.75 491.62
86 80 1055.19 766.47
87 81 1057.82 787.51
88 119 1312.95 135.24
89 118 1304.73 1467.39
90 84 1069.66 1473.97
91 143 1504.94 348.28
92 174 358.87 1159.67
93 140 1473.71 454.80
94 141 1475.03 411.40
95 3 -0.80 748.06
96 7 0.10 923.29
97 92 1113.06 136.55
98 24 1343.19 386.41
99 245 88.46 968.49
100 244 87.31 616.55
101 247 92.57 1363.01
102 246 90.51 1165.75
103 241 857.61 1390.13
104 240 84.35 910.96
105 243 865.83 390.36
106 242 864.51 220.72
107 102 1170.92 520.55
108 103 1184.07 10.31
109 100 1163.36 786.85
110 101 1164.34 332.50
111 106 1211.69 444.28
112 248 939.47 264.11
113 104 1184.07 173.37
114 105 1206.43 403.51
115 39 1560.51 354.85
116 38 1559.52 1465.75
117 33 1557.88 744.11
118 32 1556.23 778.63
119 224 724.46 738.85
120 30 150.10 863.70
121 37 1559.52 1127.12
122 108 1229.11 783.56
123 35 1558.86 232.55
124 34 1558.86 214.14
125 109 1232.73 94.47
126 93 1120.95 44.50
127 223 721.83 629.70
128 86 1085.44 20.83
129 176 366.76 36.61
130 60 905.28 1561.09
131 61 996.02 5.05
132 62 -0.80 461.37
133 63 1002.26 1501.91
134 64 1022.32 705.97
135 65 1023.63 448.22
136 179 400.62 1528.22
137 178 387.47 1209.31
138 177 381.22 1107.07
139 69 1024.95 212.83
140 250 993.39 803.29
141 251 994.04 1460.82
142 173 341.44 1495.34
143 172 339.80 337.76
144 171 338.49 300.93
145 170 333.23 578.41
146 222 720.51 465.32
147 249 973.66 200.99
148 175 36.02 778.30
149 145 1521.05 535.02
150 107 1211.69 99.73
151 182 409.50 574.47
152 183 409.50 658.63
153 180 408.13 622.74
154 181 408.18 636.28
155 162 247.75 578.41
156 187 413.44 337.76
157 184 409.84 559.91
158 6 0.10 1410.27
159 186 413.19 93.79
160 188 413.44 465.32
161 189 413.76 323.86
162 221 711.31 752.00
163 185 412.13 536.33
164 99 1161.71 22.14
165 98 1157.77 705.97
166 168 325.99 10.31
167 169 330.59 636.28
168 229 744.84 316.72
169 228 741.55 863.78
170 227 740.24 953.21
171 90 1101.22 738.85
172 166 30.76 520.55
173 167 32.98 939.73
174 95 1127.19 786.85
175 161 246.68 869.86
176 97 1133.77 1473.97
177 96 1133.77 1414.79
178 11 1063.08 5.05
179 10 1033.50 1561.09
180 220 705.39 244.39
181 12 1080.18 425.87
182 15 1112.40 1375.34
183 14 1109.44 882.19
184 66 1023.63 578.41
185 16 1142.32 883.51
186 19 1166.65 1559.45
187 18 1151.85 1378.63
188 88 1090.70 177.32
189 89 1094.65 60.28
190 17 1145.93 5.05
191 31 1509.22 608.66
192 151 197.77 402.19
193 150 180.68 341.70
194 153 204.35 428.50
195 152 203.81 1534.19
196 155 21.56 499.51
197 154 21.52 1549.38
198 157 217.91 826.71
199 156 216.18 465.32
200 159 235.91 528.44
201 158 225.39 495.56
202 36 1558.86 268.06
203 238 809.28 191.78
204 239 819.80 128.66
205 83 1068.34 45.81
206 234 772.46 110.25
207 235 792.18 345.65
208 236 795.47 506.08
209 237 805.99 679.67
210 230 748.13 1146.52
211 231 750.10 157.59
212 232 755.69 1327.67
213 233 766.54 656.00
214 48 389.14 323.48
215 49 4.81 1560.01
216 46 35.20 1561.53
217 47 375.96 402.19
218 44 334.54 386.41
219 45 337.83 -0.21
220 42 232.68 1561.53
221 43 254.98 2.42
222 40 1560.51 479.78
223 41 187.10 1561.53
224 1 -0.80 260.17
225 5 -2.12 519.23
226 9 0.51 350.91
227 85 1074.92 116.83
228 201 548.24 325.92
229 147 1543.41 461.37
230 203 567.96 624.44
231 202 554.81 654.69
232 205 589.66 1437.81
233 204 583.74 872.99
234 207 615.31 649.43
235 206 594.26 560.00
236 209 626.48 49.76
237 208 620.57 437.70
238 148 1548.34 373.26
239 149 166.21 133.92
240 77 1031.85 1521.64
241 76 1031.85 1447.67
242 75 1028.56 1140.27
243 74 1027.58 296.99
244 73 1026.72 269.56
245 72 1024.95 824.33
246 71 1024.95 755.95
247 70 1024.95 492.93
248 79 1055.19 241.76
249 78 1051.25 207.57
250 2 -0.80 615.23
251 144 1507.90 553.43
