0 216
1 217
2 214
3 215
4 212
5 213
6 210
7 211
8 165
9 178
10 218
11 219
12 133
13 132
14 131
15 130
16 137
17 136
18 135
19 226
20 139
21 41
22 93
23 24
24 25
25 26
26 27
27 20
28 21
29 22
30 23
31 95
32 28
33 29
34 222
35 0
36 4
37 8
38 220
39 227
40 120
41 121
42 122
43 123
44 124
45 125
46 126
47 127
48 128
49 129
50 224
51 161
52 134
53 59
54 58
55 55
56 54
57 57
58 56
59 51
60 50
61 53
62 52
63 164
64 146
65 199
66 66
67 200
68 195
69 194
70 197
71 196
72 191
73 203
74 193
75 192
76 115
77 114
78 88
79 116
80 111
81 110
82 113
83 176
84 82
85 205
86 80
87 81
88 86
89 87
90 84
91 204
92 138
93 198
94 108
95 206
96 3
97 177
98 7
99 92
100 225
101 245
102 244
103 247
104 246
105 241
106 240
107 243
108 242
109 102
110 103
111 100
112 101
113 106
114 107
115 104
116 105
117 39
118 38
119 33
120 32
121 31
122 30
123 37
124 36
125 35
126 34
127 109
128 162
129 160
130 207
131 60
132 61
133 62
134 63
135 64
136 65
137 179
138 67
139 68
140 69
141 175
142 174
143 173
144 172
145 171
146 170
147 181
148 182
149 183
150 180
151 2
152 186
153 187
154 184
155 6
156 188
157 189
158 202
159 97
160 185
161 190
162 99
163 98
164 168
165 169
166 229
167 228
168 91
169 90
170 166
171 167
172 223
173 94
174 221
175 163
176 11
177 10
178 13
179 12
180 15
181 14
182 17
183 16
184 19
185 18
186 117
187 89
188 151
189 150
190 153
191 152
192 155
193 154
194 157
195 156
196 159
197 158
198 112
199 238
200 239
201 83
202 234
203 235
204 236
205 237
206 230
207 231
208 232
209 233
210 48
211 49
212 46
213 119
214 44
215 45
216 42
217 43
218 40
219 118
220 1
221 5
222 9
223 85
224 201
225 147
226 144
227 145
228 142
229 143
230 140
231 141
232 209
233 208
234 148
235 149
236 77
237 76
238 75
239 74
240 73
241 72
242 71
243 70
244 96
245 79
246 78
247 47
