0 216 874.64 1444.00
1 217 875.10 899.04
2 214 866.56 853.41
3 215 868.21 1339.32
4 212 859.03 1265.86
5 213 862.84 587.93
6 210 854.29 793.60
7 211 857.98 400.11
8 165 675.95 283.04
9 178 722.70 133.45
10 218 878.31 1165.78
11 219 879.39 466.28
12 133 550.63 1046.64
13 132 546.84 1350.34
14 131 541.43 980.70
15 130 539.74 382.59
16 137 568.45 340.26
17 136 565.97 841.14
18 135 562.90 773.66
19 226 911.83 973.41
20 139 570.57 669.37
21 41 1140.84 930.78
22 93 340.53 1072.71
23 24 1040.45 683.79
24 25 1049.56 1057.89
25 26 105.89 996.03
26 27 1052.31 962.40
27 20 1018.07 857.99
28 21 1028.44 1070.74
29 22 1029.90 895.90
30 23 1037.16 1169.45
31 95 348.20 904.02
32 28 1057.82 1262.65
33 29 1070.62 759.70
34 222 884.25 650.22
35 0 -1.33 1326.47
36 4 1074.98 1560.05
37 8 201.59 1559.69
38 220 879.69 1042.28
39 227 914.42 379.67
40 120 474.30 1354.01
41 121 475.22 1423.80
42 122 477.94 296.46
43 123 478.89 1496.33
44 124 495.46 247.80
45 125 50.09 1169.45
46 126 500.03 427.06
47 127 501.56 787.46
48 128 506.16 664.77
49 129 532.23 500.68
50 224 902.74 531.49
51 161 664.31 437.09
52 134 559.69 196.22
53 59 144.23 1088.05
54 58 1412.58 1460.43
55 55 127.36 890.21
56 54 1247.89 1205.72
57 57 141.16 828.87
58 56 137.32 1373.29
59 51 1233.20 1317.74
60 50 1232.71 1113.42
61 53 1244.33 1325.39
62 52 124.46 1167.61
63 164 674.04 421.52
64 146 599.59 191.36
65 199 815.64 631.24
66 66 184.32 605.64
67 200 823.22 1049.17
68 195 791.41 927.02
69 194 775.47 1463.28
70 197 805.42 419.57
71 196 797.15 577.71
72 191 766.29 1381.56
73 203 831.48 1110.69
74 193 774.77 662.38
75 192 769.90 585.50
76 115 461.69 1065.04
77 114 455.55 980.70
78 88 324.63 1428.39
79 116 462.36 1142.82
80 111 450.66 860.16
81 110 447.88 793.60
82 113 452.48 931.62
83 176 717.80 968.43
84 82 289.87 581.59
85 205 841.58 1172.21
86 80 266.92 879.48
87 81 280.72 825.80
88 86 323.71 1363.19
89 87 324.63 1287.90
90 84 30.81 1232.81
91 204 840.94 735.37
92 138 569.04 907.08
93 198 810.78 233.20
94 108 443.28 399.46
95 206 841.92 709.09
96 3 0.51 1526.63
97 177 721.24 335.39
98 7 1559.25 1265.06
99 92 339.27 628.08
100 225 910.04 723.69
101 245 986.92 775.27
102 244 981.57 541.22
103 247 987.58 1292.49
104 246 987.58 1102.42
105 241 965.51 707.15
106 240 961.87 1209.85
107 243 973.35 912.81
108 242 966.97 506.18
109 102 397.27 939.29
110 103 398.81 983.76
111 100 358.93 753.72
112 101 374.27 384.12
113 106 432.55 552.82
114 107 441.75 666.31
115 104 429.48 479.21
116 105 43.66 1444.91
117 39 1132.20 1235.10
118 38 1115.05 869.58
119 33 1084.24 796.68
120 32 108.85 1229.13
121 31 1078.02 1039.52
122 30 1076.08 1469.29
123 37 1100.98 1027.59
124 36 1100.79 833.66
125 35 1091.80 1365.49
126 34 1089.96 1139.61
127 109 443.28 764.46
128 162 668.96 1085.89
129 160 659.93 232.23
130 207 845.85 1488.10
131 60 158.03 726.12
132 61 162.63 997.57
133 62 170.37 1296.16
134 63 174.90 945.42
135 64 176.44 640.24
136 65 182.31 1224.54
137 179 723.14 1015.19
138 67 187.17 885.61
139 68 192.41 1372.38
140 69 197.00 1433.90
141 175 714.43 550.46
142 174 712.48 605.94
143 173 711.66 934.69
144 172 710.13 881.01
145 171 700.93 816.60
146 170 694.97 677.95
147 181 731.46 477.96
148 182 743.34 1179.55
149 183 747.33 1540.13
150 180 731.40 1070.28
151 2 0.51 1447.67
152 186 750.68 1236.48
153 187 756.28 539.76
154 184 747.52 682.82
155 6 1506.67 1561.16
156 188 758.95 1309.02
157 189 759.68 450.71
158 202 830.73 484.77
159 97 354.33 565.09
160 185 750.44 743.16
161 190 76.75 1086.51
162 99 358.93 666.31
163 98 355.87 627.97
164 168 686.21 385.02
165 169 693.02 751.92
166 229 92.33 1518.37
167 228 916.37 566.52
168 91 335.65 1153.84
169 90 330.14 1218.12
170 166 679.06 1185.98
171 167 679.98 1450.42
172 223 893.46 937.60
173 94 346.67 983.76
174 221 88.65 1300.76
175 163 673.55 1421.04
176 11 734.05 1561.16
177 10 484.40 1559.69
178 13 828.14 1560.05
179 12 80.39 1559.69
180 15 906.73 1561.16
181 14 9.69 1559.69
182 17 1001.52 811.28
183 16 1000.89 988.10
184 19 1008.70 1394.41
185 18 1005.90 605.45
186 117 463.22 488.41
187 89 326.47 1504.60
188 151 620.30 1255.76
189 150 617.11 525.16
190 153 630.40 1439.40
191 152 627.82 501.81
192 155 645.33 249.75
193 154 633.66 322.74
194 157 649.68 1353.09
195 156 648.74 466.28
196 159 65.70 1376.05
197 158 649.68 1459.61
198 112 452.48 904.02
199 238 951.77 1414.61
200 239 961.78 875.78
201 83 295.68 747.23
202 234 939.37 1018.41
203 235 940.70 442.93
204 236 944.10 820.04
205 237 949.02 1221.79
206 230 926.06 1138.23
207 231 930.48 782.08
208 232 930.65 1314.53
209 233 938.75 633.67
210 48 1196.47 1079.01
211 49 1231.36 1169.91
212 46 1180.86 1191.95
213 119 466.96 1281.47
214 44 1161.58 991.78
215 45 1176.27 1337.02
216 42 116.20 1439.40
217 43 116.62 948.49
218 40 1138.63 1109.31
219 118 466.04 1210.77
220 1 0.51 1379.72
221 5 1271.45 1257.32
222 9 330.14 1559.69
223 85 309.86 358.05
224 201 827.81 994.99
225 147 6.93 1302.59
226 144 597.34 1369.62
227 145 599.18 1103.34
228 142 577.14 1384.31
229 143 592.04 1028.24
230 140 570.71 1264.03
231 141 575.17 969.96
232 209 851.69 1221.79
233 208 851.16 554.84
234 148 601.54 294.52
235 149 611.11 1191.49
236 77 248.51 991.43
237 76 227.04 1083.45
238 75 222.44 733.79
239 74 21.62 1522.96
240 73 204.04 827.34
241 72 204.04 519.08
242 71 203.43 1163.02
243 70 199.76 1511.03
244 96 348.20 940.82
245 79 265.38 904.02
246 78 256.18 946.96
247 47 1191.88 1221.33
