0 216
1 217
2 214
3 215
4 212
5 213
6 210
7 211
8 165
9 218
10 219
11 133
12 132
13 131
14 130
15 137
16 136
17 135
18 226
19 139
20 138
21 225
22 67
23 25
24 26
25 27
26 20
27 21
28 22
29 23
30 160
31 28
32 29
33 94
34 0
35 4
36 8
37 163
38 68
39 87
40 13
41 120
42 121
43 122
44 123
45 124
46 125
47 126
48 127
49 128
50 129
51 91
52 134
53 59
54 58
55 55
56 54
57 57
58 56
59 51
60 50
61 53
62 52
63 164
64 146
65 199
66 198
67 200
68 195
69 194
70 197
71 196
72 191
73 190
74 193
75 192
76 115
77 114
78 117
79 116
80 111
81 110
82 113
83 112
84 82
85 142
86 80
87 81
88 119
89 118
90 84
91 143
92 174
93 140
94 141
95 3
96 7
97 92
98 24
99 245
100 244
101 247
102 246
103 241
104 240
105 243
106 242
107 102
108 103
109 100
110 101
111 106
112 248
113 104
114 105
115 39
116 38
117 33
118 32
119 224
120 30
121 37
122 108
123 35
124 34
125 109
126 93
127 223
128 86
129 176
130 60
131 61
132 62
133 63
134 64
135 65
136 179
137 178
138 177
139 69
140 250
141 251
142 173
143 172
144 171
145 170
146 222
147 249
148 175
149 145
150 107
151 182
152 183
153 180
154 181
155 162
156 187
157 184
158 6
159 186
160 188
161 189
162 221
163 185
164 99
165 98
166 168
167 169
168 229
169 228
170 227
171 90
172 166
173 167
174 95
175 161
176 97
177 96
178 11
179 10
180 220
181 12
182 15
183 14
184 66
185 16
186 19
187 18
188 88
189 89
190 17
191 31
192 151
193 150
194 153
195 152
196 155
197 154
198 157
199 156
200 159
201 158
202 36
203 238
204 239
205 83
206 234
207 235
208 236
209 237
210 230
211 231
212 232
213 233
214 48
215 49
216 46
217 47
218 44
219 45
220 42
221 43
222 40
223 41
224 1
225 5
226 9
227 85
228 201
229 147
230 203
231 202
232 205
233 204
234 207
235 206
236 209
237 208
238 148
239 149
240 77
241 76
242 75
243 74
244 73
245 72
246 71
247 70
248 79
249 78
250 2
251 144
