0 216
1 217
2 214
3 215
4 224
5 213
6 210
7 211
8 127
9 265
10 218
11 219
12 133
13 132
14 131
15 130
16 137
17 136
18 135
19 134
20 212
21 139
22 138
23 225
24 24
25 322
26 86
27 27
28 20
29 21
30 22
31 23
32 95
33 264
34 28
35 29
36 94
37 289
38 288
39 26
40 4
41 281
42 326
43 283
44 282
45 285
46 284
47 287
48 286
49 119
50 263
51 121
52 122
53 260
54 124
55 125
56 126
57 90
58 128
59 129
60 269
61 268
62 167
63 176
64 91
65 60
66 59
67 58
68 55
69 54
70 57
71 16
72 51
73 50
74 53
75 52
76 228
77 259
78 106
79 298
80 299
81 296
82 64
83 294
84 295
85 292
86 293
87 290
88 291
89 0
90 192
91 319
92 56
93 199
94 198
95 147
96 195
97 312
98 311
99 310
100 191
101 316
102 193
103 314
104 270
105 68
106 117
107 273
108 111
109 275
110 113
111 112
112 82
113 83
114 80
115 179
116 93
117 118
118 165
119 85
120 251
121 207
122 173
123 206
124 257
125 3
126 171
127 7
128 247
129 255
130 308
131 309
132 25
133 300
134 301
135 302
136 303
137 304
138 305
139 306
140 307
141 245
142 244
143 108
144 246
145 241
146 240
147 243
148 242
149 102
150 103
151 115
152 101
153 249
154 107
155 104
156 105
157 39
158 38
159 201
160 33
161 32
162 31
163 30
164 37
165 36
166 35
167 34
168 145
169 109
170 327
171 162
172 194
173 252
174 223
175 271
176 334
177 331
178 330
179 333
180 332
181 144
182 61
183 258
184 63
185 89
186 65
187 66
188 178
189 177
190 69
191 250
192 174
193 256
194 172
195 254
196 170
197 183
198 181
199 175
200 88
201 253
202 248
203 182
204 313
205 180
206 2
207 186
208 187
209 184
210 6
211 188
212 189
213 197
214 196
215 221
216 120
217 317
218 185
219 142
220 190
221 99
222 98
223 163
224 168
225 315
226 229
227 8
228 227
229 226
230 166
231 92
232 160
233 222
234 97
235 220
236 11
237 10
238 13
239 12
240 15
241 14
242 17
243 114
244 19
245 18
246 143
247 272
248 164
249 116
250 274
251 297
252 110
253 151
254 150
255 153
256 152
257 155
258 276
259 157
260 156
261 159
262 158
263 62
264 277
265 278
266 238
267 239
268 279
269 234
270 235
271 236
272 237
273 230
274 231
275 232
276 233
277 318
278 81
279 280
280 48
281 49
282 46
283 47
284 44
285 45
286 42
287 43
288 40
289 87
290 1
291 323
292 320
293 321
294 5
295 84
296 324
297 325
298 9
299 328
300 329
301 146
302 200
303 203
304 202
305 205
306 204
307 140
308 141
309 209
310 208
311 148
312 149
313 77
314 76
315 75
316 74
317 73
318 72
319 71
320 70
321 154
322 100
323 96
324 79
325 78
326 161
327 262
328 261
329 266
330 41
331 123
332 267
333 67
334 169
