0 198 1302.33 309.72
1 344 29.06 398.04
2 345 29.50 1512.94
3 346 290.37 562.42
4 347 293.67 288.12
5 340 281.00 126.01
6 341 282.28 1065.97
7 342 284.42 735.34
8 343 289.60 276.93
9 348 294.26 858.10
10 349 302.39 1277.69
11 595 765.97 61.84
12 298 20.09 1499.26
13 299 201.22 469.86
14 296 198.38 163.77
15 297 199.73 776.40
16 294 195.82 647.32
17 295 196.31 1494.98
18 292 192.89 757.58
19 293 193.75 933.80
20 290 189.58 632.56
21 291 190.75 1137.83
22 591 758.02 64.11
23 590 756.32 440.05
24 593 76.89 394.99
25 592 76.57 43.67
26 199 1306.03 191.88
27 594 763.05 842.70
28 597 77.14 684.23
29 596 769.88 361.41
30 195 1294.38 313.13
31 598 772.22 190.18
32 197 13.67 1094.20
33 196 1294.95 390.93
34 191 128.53 503.37
35 190 128.30 1187.44
36 193 1285.30 444.31
37 192 1284.48 1382.25
38 270 163.45 666.63
39 271 163.80 867.94
40 272 17.52 1559.99
41 273 17.79 557.31
42 274 171.12 106.42
43 275 173.21 1443.65
44 276 173.96 482.35
45 277 174.07 766.99
46 278 174.53 175.70
47 279 177.93 102.44
48 524 621.90 715.24
49 525 622.87 148.16
50 526 624.04 1247.75
51 527 624.46 580.08
52 520 614.63 128.00
53 521 616.76 702.41
54 522 617.62 562.11
55 523 619.46 427.55
56 599 772.79 80.01
57 528 624.46 721.23
58 529 626.27 444.59
59 449 471.34 775.12
60 448 47.32 622.05
61 443 465.35 797.36
62 442 464.43 215.73
63 441 463.64 652.79
64 440 461.02 522.96
65 447 469.54 497.40
66 446 468.77 921.40
67 445 468.40 192.45
68 444 467.55 366.51
69 108 1068.17 256.28
70 109 1068.65 523.52
71 102 1057.06 231.50
72 103 1057.18 618.85
73 100 1052.18 381.56
74 101 1053.89 503.65
75 106 1064.16 908.57
76 107 1064.75 246.03
77 104 1059.03 836.71
78 105 106.67 746.70
79 39 1557.72 1294.97
80 38 1557.72 1131.79
81 33 1401.43 0.51
82 32 1355.15 0.79
83 31 1272.24 0.79
84 30 1256.19 1.85
85 37 1557.55 624.29
86 36 1532.04 1.08
87 35 150.12 1560.85
88 34 1422.44 -0.06
89 641 856.27 172.58
90 640 855.13 194.72
91 643 861.09 491.44
92 642 86.22 701.84
93 645 863.90 392.18
94 644 862.51 95.34
95 438 459.60 350.61
96 439 459.79 1292.24
97 436 458.51 636.54
98 437 458.51 846.98
99 434 456.80 800.78
100 435 457.05 66.95
101 432 453.36 582.30
102 433 454.49 338.68
103 430 452.09 1536.04
104 431 453.07 508.19
105 339 28.58 285.30
106 338 279.87 257.19
107 335 271.35 104.43
108 334 267.66 516.43
109 337 274.16 814.90
110 336 271.92 154.40
111 331 260.47 902.15
112 330 259.43 210.62
113 333 263.40 134.53
114 332 261.75 1227.65
115 0 -0.01 1067.68
116 249 1512.17 47.64
117 6 -0.45 491.67
118 99 1051.62 9.03
119 98 1051.08 214.40
120 91 1026.52 857.24
121 90 1023.73 250.30
122 93 1029.47 73.20
123 92 1026.63 463.33
124 95 1030.32 168.88
125 94 103.46 1456.89
126 97 1037.42 91.37
127 96 1033.13 270.81
128 559 696.37 394.75
129 558 694.61 754.59
130 555 686.91 823.88
131 554 685.05 573.21
132 557 694.42 11.87
133 556 688.68 378.51
134 551 68.33 239.87
135 550 679.94 271.67
136 553 680.92 811.05
137 552 68.75 379.72
138 238 1466.64 1025.53
139 239 1470.14 70.36
140 234 1447.14 323.92
141 235 1460.11 606.10
142 236 1464.01 385.24
143 237 1465.38 1296.23
144 230 143.86 171.16
145 231 1430.23 629.49
146 232 1438.81 1265.87
147 233 144.98 1078.38
148 1 -0.05 1250.70
149 155 1173.99 3.06
150 146 1157.81 35.15
151 147 1157.83 841.42
152 618 813.39 467.02
153 619 817.93 562.99
154 142 1145.10 264.83
155 143 1147.02 629.72
156 140 1137.37 556.46
157 141 1142.76 118.34
158 612 800.05 46.51
159 613 800.68 658.78
160 610 8.42 384.96
161 611 8.97 1347.84
162 616 809.70 269.68
163 617 810.84 74.33
164 614 803.25 895.74
165 615 809.24 651.08
166 154 1173.14 182.23
167 194 1286.72 152.13
168 689 990.85 80.01
169 688 99.29 441.80
170 685 973.82 44.24
171 684 961.51 771.70
172 687 976.09 496.27
173 686 975.01 340.90
174 681 953.94 429.82
175 680 952.81 108.97
176 683 960.19 125.44
177 682 957.06 299.02
178 458 491.87 713.53
179 622 819.35 169.17
180 133 1123.73 201.58
181 132 1123.17 72.06
182 131 1118.91 481.22
183 130 1115.79 53.89
184 498 572.04 317.67
185 136 113.33 1044.16
186 135 1129.71 217.82
187 134 1129.13 389.79
188 494 564.58 586.07
189 495 564.66 301.20
190 496 566.72 1434.24
191 138 1134.53 612.11
192 490 555.29 282.74
193 491 556.88 851.25
194 492 561.59 887.61
195 493 564.38 454.81
196 24 1103.56 1555.11
197 25 111.62 1560.85
198 26 112.91 0.51
199 27 1159.25 1555.55
200 20 1.27 1512.94
201 21 1.27 847.40
202 22 1073.76 1.08
203 23 1092.50 1.08
204 28 1218.75 1.08
205 29 1231.49 0.69
206 407 411.05 87.39
207 406 41.48 1000.53
208 405 408.78 243.56
209 404 407.93 528.35
210 403 407.61 1412.00
211 402 406.32 807.63
212 401 404.19 1037.31
213 400 403.10 69.79
214 629 834.12 148.72
215 409 414.02 823.88
216 408 412.18 343.51
217 453 481.60 1142.96
218 379 356.28 702.83
219 378 354.83 417.90
220 371 346.03 536.30
221 370 344.83 856.64
222 373 347.30 959.04
223 372 347.30 873.50
224 375 348.58 686.58
225 374 348.01 402.00
226 377 353.29 1159.22
227 376 350.29 116.92
228 144 1149.29 14.14
229 393 391.17 206.65
230 392 386.22 764.43
231 391 377.26 465.89
232 89 1012.43 564.98
233 397 4.45 333.85
234 396 399.98 507.91
235 395 399.05 890.18
236 394 394.35 1207.98
237 82 1.27 1538.61
238 83 1001.64 106.70
239 80 0.41 1333.30
240 81 0.47 411.08
241 86 1005.05 538.86
242 87 1011.30 127.71
243 84 1004.07 257.14
244 85 1004.48 404.27
245 7 -0.66 645.05
246 607 789.82 22.66
247 586 745.94 707.54
248 587 747.80 218.57
249 584 74.84 965.46
250 585 744.96 31.74
251 582 738.71 546.81
252 583 739.85 198.70
253 580 733.92 224.98
254 581 738.25 396.46
255 588 748.93 1146.81
256 589 751.21 144.75
257 245 1499.53 1071.07
258 244 1497.40 105.57
259 247 1504.28 660.67
260 246 1503.08 112.38
261 241 1481.50 39.12
262 187 1275.64 364.23
263 243 1491.94 1330.39
264 242 1488.69 367.05
265 149 1164.62 163.49
266 606 789.26 222.55
267 248 151.53 262.87
268 519 612.70 412.18
269 518 612.49 961.61
270 511 59.82 536.87
271 510 589.93 270.25
272 513 594.52 734.91
273 512 591.35 363.67
274 515 599.65 663.06
275 514 599.58 286.15
276 517 608.39 302.34
277 516 60.10 358.84
278 623 823.04 488.03
279 459 494.43 825.59
280 621 819.35 114.65
281 620 818.79 190.75
282 627 83.39 982.57
283 626 829.71 315.26
284 625 826.74 186.20
285 624 826.17 206.65
286 450 473.05 671.61
287 451 478.63 110.68
288 452 479.04 791.37
289 628 833.19 938.51
290 454 481.60 833.29
291 455 483.45 34.30
292 456 485.72 322.21
293 457 488.28 415.06
294 179 1248.35 768.50
295 178 1246.11 325.05
296 177 1239.53 1326.03
297 176 1232.49 398.31
298 175 1230.78 23.51
299 174 123.17 1332.02
300 173 1226.70 935.94
301 172 1223.40 292.11
302 171 1222.83 4.77
303 170 1217.29 1297.80
304 656 893.75 456.52
305 183 1260.31 341.52
306 180 125.12 126.29
307 182 126.17 789.23
308 657 9.27 539.71
309 654 888.68 328.08
310 2 -0.38 229.65
311 652 886.85 1044.97
312 653 886.93 441.18
313 650 879.55 666.06
314 185 1262.98 1356.95
315 186 127.39 214.88
316 188 1277.63 127.71
317 189 1279.05 294.39
318 658 900.56 174.85
319 659 902.83 472.98
320 184 1262.58 8.17
321 651 881.84 310.98
322 11 0.19 519.27
323 10 0.19 184.22
324 13 0.19 735.06
325 12 0.19 711.78
326 15 0.41 1353.83
327 14 0.41 1287.10
328 17 0.41 944.07
329 16 0.41 1428.25
330 19 0.76 271.67
331 18 0.47 432.10
332 62 295.20 1.08
333 322 242.67 176.27
334 323 244.22 755.02
335 320 239.55 587.13
336 321 24.89 716.60
337 326 251.92 1031.33
338 327 253.18 617.22
339 324 245.23 467.30
340 325 25.22 857.67
341 328 253.63 772.13
342 329 256.02 291.18
343 201 1321.17 1427.79
344 200 1309.78 1410.08
345 203 1339.25 447.15
346 202 1327.61 167.46
347 205 134.72 807.20
348 204 1339.81 401.15
349 207 1354.06 1468.27
350 206 1353.58 469.69
351 209 1358.27 207.78
352 208 1354.30 203.81
353 77 897.72 1.08
354 76 862.51 1.64
355 75 822.19 0.51
356 74 781.87 1.08
357 73 744.39 490.02
358 72 688.74 0.51
359 71 669.37 1368.37
360 70 626.56 1.36
361 655 891.47 154.97
362 79 0.19 798.66
363 78 955.08 1.08
364 669 922.71 631.99
365 668 920.45 721.23
366 667 92.80 826.02
367 666 919.87 218.57
368 665 916.89 314.40
369 664 915.89 113.52
370 663 912.49 620.06
371 662 910.05 298.16
372 661 91.62 139.35
373 660 905.90 1030.90
374 692 993.69 89.67
375 693 995.40 386.10
376 690 991.25 263.12
377 691 992.30 814.47
378 696 999.94 551.35
379 694 997.23 280.21
380 695 998.09 243.46
381 542 663.47 425.57
382 543 664.32 237.88
383 540 652.64 699.74
384 541 659.50 410.23
385 546 672.27 253.21
386 547 676.82 558.17
387 544 668.30 539.43
388 545 671.71 103.86
389 8 -0.90 337.15
390 548 678.52 118.63
391 549 679.64 1053.57
392 68 558.98 0.79
393 120 1103.09 1236.63
394 121 1103.22 331.50
395 122 1104.80 1177.61
396 123 1105.65 1097.20
397 124 1106.13 30.61
398 125 1106.93 1031.75
399 126 1106.93 956.47
400 127 1110.39 469.29
401 128 1111.21 874.35
402 129 1113.23 355.72
403 69 60.67 1.08
404 414 426.00 1248.18
405 415 429.22 287.86
406 416 43.19 1323.03
407 417 43.19 1395.75
408 410 414.45 1488.99
409 411 416.44 544.82
410 412 417.87 961.18
411 413 424.11 369.06
412 137 113.76 184.79
413 418 431.13 864.94
414 419 432.91 538.01
415 499 572.28 600.61
416 319 239.27 167.75
417 318 239.08 911.56
418 313 230.46 435.50
419 312 224.11 1179.75
420 311 223.69 995.40
421 310 223.69 1553.15
422 317 238.98 451.97
423 316 237.37 737.05
424 315 233.87 626.31
425 314 230.75 150.14
426 139 1136.88 1006.09
427 497 569.20 21.80
428 3 -0.44 868.79
429 368 34.63 876.49
430 369 341.20 97.62
431 366 339.60 858.95
432 367 34.55 13.00
433 364 335.75 940.65
434 365 338.93 384.96
435 362 332.11 77.74
436 363 334.04 1318.76
437 360 329.56 641.93
438 361 33.78 982.57
439 380 360.22 564.70
440 381 366.12 918.83
441 382 367.40 1361.53
442 383 368.26 726.79
443 384 368.68 846.12
444 385 37.20 1260.59
445 386 37.20 1304.21
446 387 370.73 161.22
447 388 373.39 1441.94
448 389 374.67 994.11
449 148 1162.64 32.03
450 151 117.61 1487.28
451 579 730.20 99.32
452 578 730.20 532.04
453 604 782.70 356.28
454 573 726.26 796.51
455 572 722.25 81.72
456 571 722.01 362.27
457 570 718.27 232.20
458 577 73.56 1223.37
459 576 728.92 377.62
460 575 727.93 1.08
461 574 727.12 662.20
462 60 27.16 1.08
463 61 270.21 1.08
464 258 154.39 1089.50
465 63 326.34 1559.99
466 64 390.32 0.79
467 65 426.67 1.36
468 66 470.05 1559.99
469 67 552.17 0.79
470 252 1526.08 142.19
471 253 1528.07 266.28
472 250 1512.18 1354.42
473 251 152.68 949.20
474 256 1531.57 554.13
475 257 154.37 55.59
476 254 153.54 1391.47
477 255 1531.16 1379.72
478 157 1180.52 198.70
479 156 1175.59 672.36
480 508 586.82 1272.99
481 509 587.09 463.90
482 506 585.10 60.99
483 507 585.97 737.48
484 504 579.98 721.23
485 505 580.84 620.28
486 502 576.02 143.90
487 503 578.01 447.43
488 500 573.46 470.71
489 501 575.27 904.72
490 630 834.69 30.04
491 631 836.54 330.64
492 632 842.92 618.64
493 633 843.46 693.00
494 469 513.25 631.40
495 468 511.54 754.59
496 636 845.95 347.74
497 637 846.04 177.69
498 465 505.88 176.55
499 639 853.14 474.97
500 467 508.16 460.49
501 466 508.12 823.88
502 461 50.16 520.97
503 460 496.57 1342.71
504 463 501.06 25.78
505 462 50.89 1021.92
506 168 1210.67 717.83
507 169 1216.87 160.08
508 164 12.39 937.23
509 165 120.58 200.69
510 166 120.58 484.63
511 167 1207.45 1100.62
512 160 119.73 22.66
513 161 1194.19 891.46
514 162 1196.14 36.57
515 163 1197.84 238.17
516 9 0.03 389.60
517 647 869.33 13.57
518 646 867.41 980.43
519 649 878.41 127.15
520 648 869.90 653.00
521 357 317.79 722.51
522 356 314.51 265.71
523 355 314.36 896.17
524 354 313.94 38.56
525 353 313.94 1107.03
526 352 305.14 591.95
527 351 305.00 878.78
528 350 303.72 421.87
529 359 324.63 743.04
530 358 319.12 339.01
531 216 1393.51 1206.26
532 217 1396.45 578.82
533 214 1385.81 246.68
534 215 1389.96 513.86
535 212 1376.83 1496.10
536 213 1384.96 68.09
537 210 1361.96 17.83
538 211 1368.70 1175.47
539 218 1396.45 656.77
540 219 140.71 1537.75
541 289 188.61 802.07
542 288 188.16 474.97
543 4 -0.44 893.60
544 281 179.92 43.67
545 280 179.69 327.82
546 283 182.19 614.95
547 282 180.21 191.03
548 285 183.05 460.77
549 284 182.62 785.81
550 287 187.76 1068.11
551 286 183.48 913.27
552 678 949.37 281.07
553 679 95.37 1008.23
554 674 94.09 1106.18
555 675 94.51 1437.66
556 676 94.74 82.28
557 677 943.38 266.54
558 670 927.25 139.64
559 671 927.25 520.69
560 672 927.82 423.01
561 673 934.63 438.34
562 263 1559.87 305.46
563 262 1555.19 1411.35
564 261 1553.05 177.69
565 260 1551.35 29.47
566 267 16.66 264.86
567 266 16.37 403.70
568 265 159.96 1098.48
569 264 158.06 568.10
570 269 160.05 3.92
571 268 16.67 837.14
572 59 211.71 1560.85
573 58 167.14 0.69
574 55 1560.15 737.32
575 54 1560.15 593.11
576 57 1560.44 186.20
577 56 1560.25 1174.79
578 51 1559.87 37.42
579 50 1559.87 118.06
580 53 1560.02 25.40
581 52 1559.87 69.22
582 537 648.84 1338.43
583 536 647.00 491.44
584 535 642.74 190.75
585 259 155.50 648.46
586 533 633.37 271.10
587 532 631.31 595.48
588 531 630.45 734.91
589 530 629.40 159.23
590 539 650.13 778.54
591 538 649.27 1012.08
592 115 1084.41 291.33
593 114 1081.15 541.13
594 117 1094.10 888.04
595 116 109.51 669.47
596 111 1076.04 604.73
597 110 1072.06 55.59
598 113 1080.58 71.49
599 112 108.63 1139.54
600 119 1101.69 1388.81
601 118 1096.34 668.46
602 429 451.37 200.40
603 428 449.52 1003.10
604 534 640.76 288.71
605 421 439.44 31.17
606 420 436.89 589.68
607 423 444.55 183.37
608 422 442.25 1089.07
609 425 447.68 321.64
610 424 445.67 893.17
611 427 448.24 786.24
612 426 447.96 49.35
613 308 22.62 377.58
614 309 220.24 128.85
615 300 201.44 950.06
616 301 201.50 90.23
617 302 205.76 482.35
618 303 208.18 391.93
619 304 208.29 772.13
620 305 21.80 1273.42
621 306 217.97 693.89
622 307 219.67 597.92
623 181 1250.66 69.51
624 240 1480.36 64.11
625 145 115.75 687.07
626 568 715.14 783.67
627 569 716.73 538.63
628 560 70.56 1376.07
629 561 70.89 93.64
630 562 700.38 317.67
631 563 704.87 615.15
632 564 708.62 522.39
633 565 71.42 1064.69
634 566 710.44 1095.48
635 567 713.73 59.57
636 229 1424.14 91.37
637 228 1423.73 558.03
638 227 1423.01 56.16
639 226 1423.01 40.83
640 225 1422.37 1554.29
641 224 142.42 823.45
642 223 1417.31 1239.31
643 222 1413.64 280.76
644 221 1402.13 1528.99
645 220 1400.29 103.29
646 88 1011.30 417.33
647 390 375.84 83.99
648 605 787.84 503.93
649 150 1168.95 1046.72
650 153 1172.86 55.88
651 152 117.61 968.02
652 601 775.86 337.48
653 600 773.92 477.53
654 603 781.31 205.51
655 602 778.18 483.49
656 159 1189.89 21.80
657 158 1184.22 24.64
658 609 797.49 522.67
659 608 790.39 352.01
660 634 844.62 462.48
661 399 400.83 224.82
662 635 844.91 144.75
663 398 40.79 314.55
664 48 1558.98 958.48
665 49 1559.30 241.86
666 46 1558.98 1026.79
667 47 1558.98 1081.19
668 44 1558.85 533.35
669 45 1558.86 173.26
670 42 1558.85 385.24
671 43 1558.85 461.89
672 40 1557.72 1450.56
673 41 1558.62 1225.95
674 638 846.61 59.00
675 5 -0.44 909.85
676 464 505.60 313.69
677 489 550.89 1223.37
678 488 55.84 213.75
679 487 549.33 78.59
680 486 544.22 537.44
681 485 544.05 863.23
682 484 54.70 248.96
683 483 54.31 919.26
684 482 537.63 1396.60
685 481 537.21 809.34
686 480 535.41 239.02
687 472 517.24 203.24
688 473 517.81 478.09
689 470 513.83 193.59
690 471 514.11 1181.46
691 476 52.72 53.89
692 477 520.10 647.66
693 474 518.09 340.38
694 475 519.24 770.84
695 478 525.76 495.13
696 479 530.59 11.58
