0 165 986.39 645.66
1 133 600.33 654.72
2 132 596.70 446.28
3 131 594.89 43.91
4 130 594.89 246.91
5 137 606.63 1054.34
6 136 602.78 855.94
7 135 600.85 1256.59
8 134 600.52 1397.87
9 139 690.95 43.91
10 138 689.14 446.28
11 93 1548.27 236.03
12 24 502.45 2.22
13 25 591.27 0.41
14 26 605.54 1561.04
15 167 988.21 243.28
16 20 315.76 4.03
17 21 368.30 1559.79
18 22 410.02 2.22
19 23 45.76 1558.02
20 95 1548.27 433.60
21 28 690.95 2.22
22 29 787.02 4.03
23 94 1548.27 29.41
24 0 1078.83 2.22
25 97 200.11 1261.05
26 8 1550.08 2.22
27 96 1548.27 642.04
28 87 1455.83 236.03
29 120 415.94 1258.51
30 121 45.76 1267.41
31 122 504.27 248.72
32 123 504.27 448.10
33 124 504.27 47.53
34 125 508.40 1056.26
35 126 508.40 855.94
36 127 509.70 658.35
37 128 510.32 1256.59
38 129 58.29 1415.19
39 59 128.93 857.86
40 58 1269.15 645.66
41 55 1267.32 846.31
42 54 1267.32 1254.66
43 57 1269.15 34.84
44 56 1267.33 437.22
45 51 124.22 456.63
46 50 118.41 660.05
47 53 1265.52 237.85
48 52 1265.40 1048.56
49 164 986.39 440.85
50 115 410.02 449.91
51 114 406.39 47.53
52 117 414.01 855.94
53 116 413.64 658.35
54 111 321.55 855.94
55 110 319.63 1058.19
56 113 406.39 252.35
57 112 323.48 1260.44
58 82 1444.53 1447.28
59 83 1454.02 643.85
60 80 141.66 55.60
61 81 144.57 1316.81
62 119 415.94 1056.26
63 118 414.75 1509.58
64 84 1454.16 1046.63
65 85 1454.16 1250.81
66 27 66.10 6.19
67 3 1310.83 0.41
68 7 1459.94 1485.81
69 108 317.58 49.34
70 109 317.70 655.61
71 102 225.24 657.54
72 103 229.10 857.86
73 100 223.33 49.34
74 101 225.24 1058.19
75 106 315.76 451.72
76 107 317.58 252.35
77 104 231.02 1262.37
78 105 251.57 1358.95
79 39 1080.48 1252.74
80 38 1080.48 1050.48
81 33 984.58 2.22
82 32 98.07 6.19
83 31 918.68 1559.00
84 30 886.71 2.22
85 37 1078.83 36.66
86 36 1078.55 848.23
87 35 1077.02 239.66
88 34 106.79 860.57
89 86 1454.16 844.38
90 60 130.04 261.92
91 61 130.86 1056.26
92 62 1310.83 34.84
93 63 1312.65 239.66
94 64 1312.65 437.22
95 65 1312.65 645.66
96 66 1313.55 1254.66
97 67 1313.55 850.16
98 68 1315.48 1349.05
99 69 1317.40 1046.63
100 2 1267.33 4.03
101 6 1455.83 4.03
102 4 1357.96 4.03
103 99 223.33 449.91
104 98 221.51 255.97
105 168 988.21 40.28
106 91 1544.70 1048.56
107 90 1538.92 1250.81
108 166 988.02 1252.74
109 92 1546.62 842.45
110 160 895.56 1256.59
111 161 98.07 1055.27
112 162 986.10 1050.48
113 163 986.10 852.08
114 11 1558.18 1418.39
115 10 1558.18 1335.56
116 13 1559.15 642.04
117 12 1559.15 236.03
118 15 1560.96 29.41
119 14 1560.11 1048.56
120 17 1562.77 431.78
121 16 1562.03 844.38
122 19 241.53 1420.46
123 18 221.51 2.22
124 88 1455.83 33.03
125 89 1455.83 433.60
126 151 789.62 1052.41
127 150 788.83 40.28
128 153 883.08 652.91
129 152 882.08 1050.48
130 155 884.89 245.10
131 154 884.01 850.16
132 157 886.71 442.66
133 156 886.71 40.28
134 159 893.64 1322.08
135 158 89.35 1264.51
136 48 1174.86 848.23
137 49 1174.89 643.85
138 46 1173.08 439.03
139 47 1174.86 1252.74
140 44 1173.08 239.66
141 45 1173.08 36.66
142 42 1111.30 1325.93
143 43 1171.01 1048.56
144 40 1080.64 439.03
145 41 1082.46 645.66
146 1 1174.89 2.22
147 5 144.57 6.19
148 9 1556.25 1252.74
149 146 787.02 246.91
150 147 787.02 444.47
151 144 699.09 855.94
152 145 785.77 855.94
153 142 697.16 1052.41
154 143 697.16 1260.44
155 140 690.97 247.89
156 141 692.77 654.72
157 148 787.02 654.72
158 149 787.70 1258.51
159 77 1363.40 642.04
160 76 1361.71 846.31
161 75 1359.78 1248.88
162 74 1359.78 1046.63
163 73 1357.96 435.41
164 72 1357.96 33.03
165 71 1357.96 236.03
166 70 132.32 1261.05
167 79 1404.08 844.38
168 78 1404.08 644.05
