0 344 420.58 1314.17
1 0 -0.02 1131.56
2 346 420.98 312.62
3 347 421.41 1243.85
4 340 417.57 276.75
5 341 419.27 832.67
6 342 420.13 761.79
7 343 420.55 1277.15
8 348 421.84 566.24
9 349 423.12 1051.71
10 298 341.99 27.82
11 299 341.99 313.90
12 296 341.56 264.79
13 297 341.56 564.53
14 294 34.99 1133.26
15 295 340.71 668.71
16 292 301.08 1460.55
17 293 32.43 942.83
18 290 277.09 1243.00
19 291 277.09 1277.15
20 199 1394.06 246.43
21 198 1393.21 320.73
22 195 1342.82 202.03
23 194 1342.82 170.43
24 197 1391.93 19.71
25 196 1343.25 19.71
26 191 1321.90 1398.84
27 190 1321.90 1282.71
28 193 1338.55 93.58
29 192 1322.33 798.94
30 270 250.62 563.25
31 271 250.62 757.95
32 272 250.62 831.39
33 273 251.47 27.82
34 274 251.47 357.45
35 275 251.47 921.06
36 276 251.90 644.80
37 277 254.03 1011.58
38 278 254.03 1084.16
39 279 254.03 1203.71
40 524 859.91 877.08
41 525 860.77 927.46
42 526 861.62 281.87
43 527 861.62 316.03
44 520 856.92 723.79
45 521 857.78 669.99
46 522 857.78 802.36
47 523 859.91 835.23
48 528 862.47 244.30
49 529 867.60 1056.41
50 449 678.45 242.16
51 448 678.45 198.61
52 443 646.85 501.77
53 442 646.42 1052.99
54 441 644.72 279.31
55 440 644.72 1019.69
56 447 678.02 361.29
57 446 677.59 149.08
58 445 677.17 498.78
59 444 647.28 1086.30
60 108 1112.26 1170.41
61 109 1112.26 1212.25
62 102 1111.40 1089.29
63 103 1111.40 1129.42
64 100 1110.55 928.74
65 101 1110.97 1018.83
66 106 1111.83 1357.00
67 107 1111.83 1395.43
68 104 1111.40 1246.41
69 105 1111.40 836.52
70 39 1.69 556.85
71 38 0.84 497.07
72 33 570.00 0.50
73 32 57.25 1560.07
74 31 517.05 1.35
75 30 456.42 0.50
76 37 899.19 0.92
77 36 839.84 1.35
78 35 791.17 -0.36
79 34 63.60 1.35
80 438 644.29 243.02
81 439 644.29 569.23
82 436 630.20 833.53
83 437 643.86 314.32
84 434 629.77 1313.87
85 435 630.20 797.66
86 432 626.36 1246.41
87 433 629.35 764.36
88 430 572.13 1163.15
89 431 624.65 1280.57
90 339 40.55 1312.17
91 338 39.69 1395.00
92 335 382.98 28.68
93 334 382.55 276.75
94 337 383.41 238.32
95 336 382.98 533.36
96 331 382.13 497.50
97 330 382.13 406.12
98 333 382.55 195.62
99 332 382.55 144.39
100 345 420.98 240.03
101 6 0.03 1487.08
102 99 1110.55 798.94
103 98 1110.55 763.93
104 91 1109.27 364.71
105 90 1108.84 617.90
106 93 1109.69 500.06
107 92 1109.69 244.73
108 95 1110.12 982.11
109 94 1109.69 574.35
110 97 1110.55 723.79
111 96 1110.55 670.85
112 559 903.04 763.08
113 558 903.04 669.99
114 555 902.61 801.93
115 554 902.61 575.63
116 557 902.61 982.97
117 556 902.61 836.09
118 551 901.76 1245.99
119 550 901.33 362.57
120 553 902.61 1210.12
121 552 902.61 1018.83
122 238 152.41 757.10
123 239 152.84 140.97
124 234 1504.65 924.90
125 235 151.13 497.92
126 236 151.80 1524.41
127 237 151.99 249.42
128 230 142.17 324.14
129 231 149.85 26.11
130 232 150.28 79.49
131 233 150.71 431.74
132 1 -0.02 631.99
133 146 1203.63 1090.14
134 147 1203.63 1170.41
135 144 1203.20 1019.69
136 145 1203.20 1281.85
137 142 1202.77 798.94
138 143 1202.77 835.66
139 140 1201.92 725.50
140 141 1201.92 764.78
141 148 1203.63 1247.27
142 149 1204.06 1396.28
143 133 1200.64 409.97
144 132 1200.21 167.02
145 131 1199.79 500.48
146 130 1199.79 363.85
147 498 789.89 800.22
148 136 1201.07 673.41
149 135 1201.07 317.31
150 134 1200.64 574.78
151 494 789.46 317.31
152 495 789.46 410.39
153 139 1201.49 618.33
154 497 789.89 724.22
155 490 788.61 620.47
156 491 789.03 538.06
157 492 789.03 573.92
158 493 789.46 278.88
159 24 1560.58 927.03
160 25 1561.01 1379.20
161 26 215.61 433.45
162 27 251.47 0.50
163 20 1559.30 1439.83
164 21 1559.73 677.68
165 22 1559.73 761.37
166 23 1560.15 1058.97
167 28 341.99 0.50
168 29 382.98 0.50
169 407 568.29 500.06
170 406 568.29 455.65
171 405 568.29 406.12
172 404 568.29 148.23
173 403 567.86 798.51
174 402 567.86 760.09
175 401 567.86 667.86
176 400 567.86 614.91
177 409 568.71 199.89
178 408 568.29 570.08
179 379 461.12 833.53
180 378 461.12 1351.88
181 371 459.41 1085.44
182 370 458.98 977.42
183 373 459.84 1163.58
184 372 459.41 720.80
185 375 460.69 1015.85
186 374 460.26 869.39
187 377 460.69 927.03
188 376 460.69 1243.00
189 393 499.97 1243.00
190 392 496.98 278.46
191 88 1108.84 316.46
192 390 496.13 1052.99
193 397 516.20 27.82
194 396 512.78 144.81
195 395 501.68 1313.87
196 394 500.83 1281.42
197 82 1092.19 1316.86
198 181 1299.70 1357.00
199 399 558.47 1497.05
200 398 553.34 1424.46
201 86 1107.99 200.34
202 87 1108.41 409.11
203 84 1106.28 149.08
204 85 1106.28 94.43
205 7 0.41 1394.15
206 582 98.61 352.32
207 583 99.47 430.03
208 580 944.45 1279.29
209 581 944.88 1056.84
210 245 153.27 829.68
211 244 153.27 1311.31
212 247 154.12 1134.54
213 246 153.69 561.12
214 241 152.84 627.72
215 240 152.84 191.35
216 243 1525.14 927.46
217 242 1523.43 1444.10
218 249 154.12 1276.30
219 248 154.12 1203.71
220 519 856.07 762.22
221 518 795.87 982.11
222 511 792.45 833.53
223 510 792.45 1315.16
224 513 793.30 1124.72
225 512 793.30 1017.98
226 515 793.73 1409.52
227 514 793.30 928.32
228 517 795.01 1283.56
229 516 794.16 1351.88
230 458 681.44 1088.00
231 459 681.44 763.50
232 450 678.87 406.55
233 451 679.30 316.46
234 452 679.73 456.08
235 453 679.73 668.71
236 454 679.73 723.37
237 455 680.58 834.38
238 456 681.01 1494.06
239 457 681.01 926.18
240 179 1299.27 874.94
241 178 1298.84 1398.84
242 177 1298.84 1089.71
243 176 1298.84 1018.83
244 175 1298.42 1213.96
245 174 1297.99 982.97
246 173 1297.99 930.88
247 172 1297.56 1245.56
248 171 1297.56 1169.56
249 170 1297.56 1130.28
250 182 1300.55 1456.91
251 183 1320.19 1315.16
252 180 1299.70 1317.72
253 2 -0.44 1313.02
254 186 1321.05 1019.69
255 187 1321.05 1088.00
256 184 1320.62 765.64
257 185 1320.62 836.52
258 188 1321.90 1054.70
259 189 1321.90 1245.99
260 11 0.84 121.33
261 10 0.41 828.83
262 13 1015.33 1.78
263 12 0.84 941.98
264 15 119.96 354.03
265 14 1105.00 0.92
266 17 1393.63 2.63
267 16 1198.08 1.78
268 19 1558.45 1169.98
269 18 149.00 -0.36
270 63 1018.32 1055.98
271 322 379.56 313.90
272 323 379.56 359.16
273 320 361.58 1426.12
274 321 37.98 1237.02
275 326 380.85 669.57
276 327 381.70 266.50
277 324 379.56 438.57
278 325 379.56 453.09
279 328 381.70 566.24
280 329 381.70 614.06
281 201 1394.49 409.97
282 200 1394.06 93.58
283 203 1394.49 573.92
284 202 1394.49 536.35
285 205 1394.91 204.59
286 204 1394.91 171.29
287 207 1395.34 460.35
288 206 1394.91 619.61
289 209 1395.77 671.70
290 208 1395.34 500.48
291 77 1090.05 1089.29
292 76 1089.20 537.63
293 75 1089.20 500.06
294 74 1088.35 245.58
295 73 1087.06 284.43
296 72 1086.21 316.88
297 71 1023.87 1433.86
298 70 1020.88 1488.08
299 79 1090.05 572.64
300 78 1090.05 1247.27
301 542 897.91 149.94
302 543 899.19 457.79
303 540 897.49 201.60
304 541 897.49 243.44
305 546 900.05 500.48
306 547 900.48 94.43
307 544 900.05 29.96
308 545 900.05 316.88
309 8 0.41 239.60
310 548 900.90 409.11
311 549 900.90 876.22
312 120 1135.31 1055.13
313 121 1135.74 1281.85
314 122 1135.74 1316.86
315 123 1197.22 30.81
316 124 1198.51 148.23
317 125 1198.93 18.00
318 126 1199.36 202.03
319 127 1199.36 244.73
320 128 1199.36 284.86
321 129 1199.36 93.58
322 414 569.57 279.31
323 415 569.57 313.47
324 416 569.57 871.95
325 417 570.00 1406.96
326 410 568.71 241.74
327 411 568.71 720.80
328 412 569.14 27.82
329 413 569.14 360.86
330 137 1201.49 460.35
331 418 570.42 833.53
332 419 570.85 1352.30
333 499 790.32 29.53
334 319 36.28 1181.51
335 318 349.25 1351.02
336 313 347.97 1014.14
337 312 347.18 1394.81
338 311 347.11 1277.15
339 310 346.26 1314.73
340 317 348.82 923.62
341 316 347.97 976.56
342 315 347.97 1163.58
343 314 347.97 1051.71
344 496 789.89 501.34
345 138 1201.49 537.20
346 3 -0.44 140.54
347 368 458.98 1206.28
348 369 458.98 1313.87
349 366 458.56 761.79
350 367 458.98 1123.44
351 364 458.56 569.65
352 365 458.56 614.06
353 362 457.70 671.28
354 363 458.56 314.32
355 360 457.27 499.20
356 361 457.70 145.24
357 380 462.80 1492.06
358 381 463.63 1420.74
359 382 492.71 761.79
360 383 493.14 568.37
361 384 493.57 832.67
362 385 493.99 501.77
363 386 494.42 312.62
364 387 494.42 799.37
365 388 495.27 1018.83
366 389 495.27 1085.44
367 579 944.03 1089.29
368 578 943.60 1316.86
369 573 940.18 538.91
370 572 940.18 316.03
371 571 939.33 575.63
372 570 939.33 501.34
373 577 943.60 1022.25
374 576 942.75 1244.28
375 575 941.04 284.43
376 574 941.04 244.30
377 60 1017.47 1089.29
378 61 1017.89 1021.40
379 258 156.68 946.68
380 259 17.06 941.98
381 64 1018.75 1128.14
382 65 1018.75 1169.98
383 66 1018.75 1398.84
384 67 1019.60 1316.86
385 252 154.97 1162.73
386 69 1020.46 1453.50
387 250 154.12 1352.30
388 251 154.28 1395.86
389 256 155.11 1458.89
390 257 1550.76 1384.33
391 254 154.97 1237.87
392 255 155.11 1434.84
393 508 792.45 1210.12
394 509 792.45 1245.13
395 506 792.45 1088.86
396 507 792.45 1165.71
397 504 792.02 670.85
398 505 792.45 1058.97
399 502 791.17 763.08
400 503 791.60 876.22
401 500 790.74 457.79
402 501 791.17 360.86
403 469 683.57 571.79
404 468 683.57 1245.56
405 465 682.29 1207.56
406 464 682.29 1017.98
407 467 683.14 1162.30
408 466 682.72 613.63
409 461 681.86 1125.15
410 460 681.44 872.81
411 463 681.86 978.27
412 462 681.86 1406.96
413 168 1295.86 838.22
414 169 1296.71 762.22
415 164 1280.06 1054.70
416 165 1280.06 1088.86
417 166 1295.00 727.21
418 167 1295.86 672.56
419 160 1276.64 1281.00
420 161 1277.07 1244.70
421 162 1278.35 1316.86
422 163 1279.20 1021.40
423 9 0.41 431.74
424 357 455.99 198.19
425 356 455.57 406.98
426 355 455.57 357.45
427 354 455.14 239.18
428 353 424.82 499.20
429 352 424.40 1083.73
430 351 423.97 535.07
431 350 423.97 1018.41
432 359 457.27 454.80
433 358 457.27 28.68
434 216 1397.05 931.73
435 217 1397.48 1451.36
436 214 1397.05 1088.86
437 215 1397.05 1132.41
438 212 1396.20 366.41
439 213 1397.05 1020.54
440 210 1395.77 727.21
441 211 1395.77 764.78
442 218 1397.48 800.65
443 219 1397.48 839.93
444 289 275.38 1313.87
445 288 255.74 1162.73
446 4 -0.44 196.05
447 281 254.03 979.13
448 280 254.03 438.57
449 283 254.89 1120.88
450 282 254.63 1395.03
451 285 254.89 1314.73
452 284 254.89 1242.14
453 287 255.46 1461.38
454 286 255.31 1350.17
455 263 231.83 1242.14
456 262 230.98 1276.30
457 261 228.93 1504.50
458 260 198.10 140.12
459 267 249.34 140.13
460 266 248.48 500.48
461 265 248.48 263.09
462 264 231.83 1313.02
463 269 249.76 313.04
464 268 249.34 193.06
465 59 1017.04 981.26
466 58 1017.04 928.32
467 55 1016.61 200.32
468 54 1016.19 1280.14
469 57 1017.04 284.43
470 56 1017.04 1244.28
471 51 1015.76 500.06
472 62 1017.89 1210.12
473 53 1015.76 617.90
474 52 1015.76 537.63
475 537 87.94 559.41
476 536 87.94 498.78
477 535 869.31 502.19
478 534 869.31 1316.01
479 533 869.31 1018.83
480 532 867.60 573.92
481 531 867.60 538.06
482 530 867.60 1088.86
483 539 872.72 1246.84
484 538 871.01 1285.27
485 50 1015.33 319.45
486 115 1131.04 500.06
487 68 1020.46 1357.00
488 117 1133.60 536.78
489 116 1133.60 1246.41
490 111 1128.48 244.73
491 110 1113.54 1316.86
492 113 1129.33 316.46
493 253 154.97 1181.51
494 119 1134.46 1089.29
495 118 1134.46 1020.12
496 429 572.13 1053.85
497 428 571.70 978.27
498 421 571.28 1017.98
499 420 570.85 927.03
500 423 571.70 1123.44
501 422 571.28 1088.00
502 425 571.70 1244.70
503 424 571.70 1207.13
504 427 571.70 1316.44
505 426 571.70 1281.42
506 308 346.26 1204.57
507 309 346.26 1242.14
508 300 341.99 359.16
509 301 342.84 437.72
510 302 343.27 140.97
511 303 343.70 497.50
512 304 344.13 191.35
513 305 345.41 1084.16
514 306 345.41 1121.74
515 307 345.41 529.09
516 568 906.03 1318.57
517 569 906.03 1357.00
518 560 903.46 1126.43
519 561 903.46 1168.28
520 562 903.89 621.32
521 563 904.32 1089.71
522 564 904.32 1410.80
523 565 904.75 1492.35
524 566 905.17 926.61
525 567 905.60 724.65
526 229 1400.04 1395.85
527 228 14.93 828.83
528 227 1398.76 991.51
529 226 1398.76 1317.72
530 225 1398.76 1281.85
531 224 1398.76 1244.28
532 223 1398.76 1214.39
533 222 1398.33 874.94
534 221 1397.90 1170.84
535 220 1397.90 1054.70
536 114 1130.19 573.50
537 391 496.98 240.88
538 89 1108.84 459.07
539 151 1204.06 982.11
540 150 1204.06 930.88
541 153 1204.48 1213.11
542 152 1204.48 1129.42
543 155 1204.91 1319.43
544 154 1204.91 1054.70
545 157 1273.65 836.52
546 156 1205.76 1356.15
547 159 1276.21 766.49
548 158 1274.51 800.65
549 112 1129.33 284.86
550 83 1105.00 29.96
551 80 1090.86 1019.39
552 81 1091.76 1055.13
553 48 1014.91 670.85
554 49 1015.33 245.15
555 46 1014.91 411.25
556 47 1014.91 575.21
557 44 1014.05 93.58
558 45 1014.48 363.85
559 42 1014.05 458.21
560 43 1014.05 725.50
561 40 1013.62 30.81
562 41 1014.05 149.94
563 5 -0.44 350.62
564 489 788.61 243.02
565 488 788.61 147.38
566 487 787.75 200.32
567 486 737.79 1245.35
568 485 736.94 1310.89
569 484 736.94 1281.00
570 483 733.53 798.51
571 482 731.82 765.21
572 481 730.11 832.67
573 480 722.43 1052.99
574 472 714.31 316.46
575 473 716.45 573.92
576 470 684.43 1314.73
577 471 684.43 1351.45
578 476 719.01 501.34
579 477 719.01 537.20
580 474 716.88 243.87
581 475 717.73 279.74
582 478 720.72 1018.83
583 479 721.57 1086.30
