0 199 1199.89 259.66
1 0 -0.42 10.82
2 818 910.23 1059.30
3 819 910.23 1101.27
4 346 1469.15 394.36
5 347 1469.15 488.12
6 340 1455.79 980.84
7 341 1457.57 22.79
8 342 1459.44 1301.97
9 343 1462.20 254.30
10 810 897.46 765.54
11 811 899.28 730.87
12 812 900.78 1171.25
13 813 901.04 1294.71
14 348 1469.47 1482.61
15 349 1478.14 793.36
16 816 908.25 1.10
17 817 91.21 583.96
18 719 776.29 1523.63
19 718 774.75 1424.08
20 717 772.47 748.20
21 716 771.93 1217.96
22 715 771.56 710.80
23 714 771.56 507.35
24 713 771.42 1321.15
25 712 770.39 1050.61
26 711 768.34 1092.70
27 710 767.00 422.51
28 298 1369.58 698.48
29 299 1370.94 625.95
30 296 1367.29 976.28
31 297 1369.12 1441.56
32 294 1363.19 738.62
33 295 1366.84 248.71
34 292 136.50 286.02
35 293 1360.91 1041.97
36 290 1355.60 22.30
37 291 1356.35 1080.28
38 591 563.32 44.83
39 590 563.05 1530.55
40 593 573.00 910.71
41 592 571.21 1256.46
42 595 575.31 1035.20
43 198 1198.06 1072.53
44 597 58.61 800.85
45 596 579.93 801.11
46 195 1193.50 1023.26
47 598 585.58 1228.23
48 197 1196.24 304.37
49 196 1195.78 1546.47
50 191 1190.76 942.07
51 190 1189.38 93.03
52 193 1192.13 1143.23
53 192 1191.22 1114.04
54 270 1305.71 330.82
55 271 1312.56 1551.95
56 272 1316.21 1507.24
57 273 1319.40 415.67
58 274 1319.85 1472.57
59 275 1320.77 975.37
60 276 1323.50 1429.70
61 277 1323.96 324.44
62 278 1324.42 1397.77
63 279 1327.48 51.30
64 738 794.37 869.54
65 497 356.62 370.91
66 524 414.12 808.30
67 525 414.63 1199.48
68 214 122.78 417.89
69 527 417.97 914.82
70 520 407.14 116.68
71 521 407.96 1216.42
72 522 409.50 1553.70
73 523 413.60 1079.35
74 528 418.48 879.40
75 529 420.59 1030.85
76 449 250.87 586.01
77 448 250.69 1341.51
78 443 240.34 1277.77
79 442 240.31 1532.85
80 441 237.26 848.60
81 440 231.62 441.50
82 447 249.54 1426.81
83 446 245.60 152.82
84 445 242.91 1031.35
85 444 241.88 1080.12
86 108 1031.57 560.27
87 109 1032.48 1138.67
88 102 1015.14 337.66
89 103 1015.79 39.93
90 100 1009.67 774.66
91 101 1013.78 112.78
92 106 1029.74 931.58
93 107 1031.57 1233.55
94 104 1023.35 354.09
95 105 1023.35 367.77
96 39 1434.13 0.43
97 38 1407.44 1559.24
98 33 1332.84 0.43
99 32 1312.46 1561.11
100 31 1290.45 0.43
101 30 1261.89 0.43
102 37 1404.23 0.88
103 36 1383.43 0.75
104 35 1367.73 0.35
105 34 1341.75 1560.16
106 641 673.31 137.43
107 640 672.87 56.21
108 643 675.77 515.56
109 642 673.71 1477.53
110 645 68.11 1348.87
111 644 677.77 93.70
112 647 682.15 472.69
113 646 68.62 1324.74
114 649 688.69 1453.32
115 437 223.02 1529.39
116 434 216.73 1270.07
117 435 218.61 301.64
118 432 213.03 149.25
119 433 213.80 1482.14
120 430 208.51 751.57
121 240 1254.62 821.64
122 339 1454.88 895.08
123 338 145.63 1349.38
124 335 1430.24 886.87
125 334 1429.79 212.63
126 337 1433.89 1460.71
127 336 1433.26 169.80
128 331 1423.40 286.12
129 330 1420.21 1530.96
130 333 1428.63 32.05
131 332 1426.14 250.54
132 89 785.09 1.10
133 559 487.27 1002.09
134 558 485.73 915.33
135 854 981.39 1105.83
136 344 1464.00 633.25
137 856 982.30 648.76
138 857 984.13 608.62
139 850 970.60 1282.65
140 851 975.91 439.84
141 852 975.91 469.95
142 345 1466.74 533.81
143 858 985.04 343.14
144 859 986.00 1266.73
145 555 485.22 880.43
146 554 484.96 716.92
147 151 1107.29 144.26
148 99 1006.93 834.87
149 98 1001.46 176.19
150 91 816.36 1.16
151 90 789.13 1560.12
152 93 849.80 0.21
153 92 819.93 1560.12
154 95 983.66 0.66
155 94 895.63 1560.16
156 97 1000.55 297.52
157 96 100.97 957.69
158 814 903.84 223.63
159 815 903.84 676.13
160 740 796.57 1324.23
161 741 797.09 1095.78
162 742 798.01 601.32
163 743 798.01 817.54
164 744 798.88 1053.94
165 745 800.42 1427.16
166 746 803.49 887.79
167 747 807.14 714.45
168 748 807.35 1287.27
169 749 807.61 1467.20
170 557 485.73 535.96
171 556 485.47 738.48
172 551 482.65 1122.73
173 550 482.39 659.42
174 553 483.93 647.10
175 552 483.16 587.81
176 238 1252.52 16.95
177 239 1253.71 862.70
178 234 1248.69 1338.47
179 235 1249.15 288.86
180 236 1249.15 760.52
181 237 125.61 585.50
182 152 1107.29 573.95
183 231 1246.41 263.31
184 232 1246.87 1370.40
185 233 1248.24 715.82
186 230 1243.59 51.75
187 1 -0.59 1460.24
188 146 1089.95 384.19
189 147 1095.88 65.34
190 618 634.86 997.22
191 619 635.38 972.06
192 142 1086.30 273.80
193 143 1086.30 840.35
194 140 1084.94 1426.50
195 141 1085.39 296.61
196 612 62.81 1548.99
197 613 621.00 1080.89
198 610 615.10 1130.43
199 611 618.29 435.28
200 616 628.76 1442.95
201 617 63.49 958.71
202 148 1096.34 1170.60
203 615 626.14 1040.85
204 154 1118.69 1065.23
205 194 1192.13 1159.65
206 689 739.33 1441.53
207 688 738.71 567.57
208 685 735.98 141.52
209 684 735.23 1367.09
210 687 736.45 51.97
211 686 736.01 99.27
212 681 730.09 1327.05
213 680 728.29 1197.94
214 683 733.24 808.42
215 682 730.19 1484.44
216 623 644.10 798.54
217 459 276.05 1543.23
218 133 1077.18 653.32
219 132 1077.18 614.09
220 131 1073.53 500.97
221 130 1071.71 490.02
222 498 359.70 1063.44
223 499 359.70 1077.30
224 135 1079.92 515.56
225 134 1078.09 188.05
226 494 347.89 802.14
227 495 349.43 823.70
228 496 355.59 1329.88
229 138 1082.65 736.34
230 490 336.86 717.18
231 491 338.29 1429.11
232 492 345.20 1522.48
233 493 346.23 34.35
234 24 1140.59 129.20
235 25 1177.55 23.19
236 26 1188.48 1560.16
237 27 1218.59 1559.24
238 20 1.37 1305.23
239 21 1.72 1412.98
240 22 1132.93 0.88
241 23 1135.57 1560.16
242 28 122.88 1558.76
243 29 1256.91 1559.24
244 407 177.78 143.90
245 406 170.53 1085.77
246 405 164.33 1514.30
247 404 163.50 218.86
248 403 163.34 1034.43
249 402 163.09 1423.35
250 401 159.75 957.94
251 400 158.72 868.10
252 629 65.11 1404.91
253 409 18.83 1196.40
254 408 179.51 521.33
255 628 649.50 1327.68
256 758 819.00 266.50
257 183 1182.55 425.70
258 379 1515.45 72.57
259 378 1509.61 1334.82
260 829 921.83 1367.86
261 828 916.19 1218.99
262 825 915.70 1009.12
263 370 1498.67 904.21
264 373 1502.77 866.35
265 826 915.70 393.32
266 821 912.71 31.45
267 820 912.05 605.88
268 823 913.11 1295.48
269 376 1508.70 1235.38
270 708 759.70 601.32
271 709 766.03 1339.89
272 704 754.22 747.29
273 705 755.14 709.89
274 706 756.05 661.53
275 707 757.30 1339.37
276 700 75.30 1030.07
277 701 752.40 458.09
278 702 753.24 1491.36
279 703 753.45 1249.79
280 393 1550.17 50.57
281 392 1547.02 1522.75
282 88 768.59 1558.58
283 390 1538.35 812.52
284 397 1555.96 137.39
285 396 1553.40 1259.09
286 395 1551.33 195.27
287 394 1550.17 544.84
288 82 630.03 -0.01
289 83 647.20 1558.21
290 399 1560.59 162.85
291 81 63.96 1559.36
292 86 727.53 0.66
293 87 740.56 1558.21
294 84 664.39 0.88
295 85 715.20 1558.21
296 797 880.76 1254.41
297 796 880.12 399.70
298 795 875.68 36.36
299 794 873.58 976.17
300 793 872.82 762.80
301 792 871.52 1006.97
302 791 871.00 729.04
303 790 867.35 480.90
304 381 1519.36 5.34
305 799 881.95 225.45
306 798 881.03 930.66
307 7 0.35 1035.20
308 170 1145.15 849.01
309 607 606.37 499.51
310 586 560.94 992.08
311 587 561.97 975.14
312 584 56.82 740.53
313 585 560.17 524.15
314 582 559.30 11.81
315 583 56.82 652.75
316 580 550.16 647.62
317 581 551.18 697.92
318 413 183.58 92.58
319 588 562.48 1033.66
320 589 563.05 1507.49
321 245 1259.19 442.12
322 244 1258.76 11.14
323 247 126.89 1071.91
324 246 126.38 1031.35
325 241 1255.99 1452.50
326 614 622.99 1466.00
327 243 1257.82 1079.37
328 242 1256.45 314.40
329 149 1103.64 428.90
330 249 1261.01 345.42
331 248 1261.01 1028.74
332 519 403.85 1328.85
333 518 40.90 476.67
334 511 391.02 1031.61
335 510 389.76 449.42
336 513 393.41 389.21
337 512 393.07 1250.82
338 515 396.92 586.27
339 514 396.66 1345.79
340 517 4.19 315.25
341 516 397.95 1233.11
342 458 274.89 1404.91
343 622 641.43 1510.95
344 621 64.77 889.15
345 620 639.48 927.91
346 627 648.77 57.11
347 626 648.21 698.95
348 625 646.93 742.84
349 624 645.65 134.30
350 450 252.99 1499.43
351 451 253.86 99.94
352 452 255.30 1416.43
353 453 256.26 1284.44
354 454 26.53 1238.50
355 455 269.92 25.42
356 456 270.63 776.21
357 457 271.40 348.84
358 179 1172.06 570.30
359 178 1172.06 543.85
360 177 1163.85 619.57
361 176 1159.74 673.85
362 175 1158.38 1233.55
363 174 1155.18 754.13
364 173 1150.62 794.27
365 172 1150.17 376.89
366 171 1147.43 183.48
367 594 574.03 923.03
368 182 1177.53 466.30
369 657 699.03 1283.67
370 654 695.84 364.12
371 253 1268.31 195.80
372 656 696.21 1191.52
373 599 587.12 1313.96
374 180 1174.80 504.62
375 181 1175.25 1070.70
376 652 691.00 1355.34
377 187 1185.75 1200.71
378 184 1182.55 955.75
379 185 1184.83 1239.02
380 186 1184.83 378.72
381 188 1186.25 57.33
382 189 1186.66 1172.43
383 658 7.79 898.39
384 653 692.87 1255.95
385 650 688.93 54.43
386 651 689.85 1416.43
387 11 0.35 735.91
388 868 999.63 1437.91
389 13 0.54 897.84
390 12 0.40 67.37
391 15 0.62 168.44
392 14 0.60 799.83
393 17 0.86 1243.12
394 16 0.86 1076.27
395 19 1.12 862.46
396 860 986.86 703.50
397 863 99.91 82.99
398 862 989.60 721.75
399 865 995.07 608.62
400 864 990.51 548.41
401 867 997.81 203.56
402 866 996.90 574.86
403 659 701.09 1260.06
404 753 811.70 410.65
405 569 5.75 2.67
406 116 1045.25 676.13
407 756 816.26 817.54
408 63 1560.24 197.70
409 809 891.98 827.57
410 322 1411.54 431.18
411 323 1414.73 1364.01
412 320 1407.44 974.46
413 321 1411.08 1455.24
414 326 1418.38 1083.02
415 327 1418.38 1376.78
416 324 1415.42 162.94
417 325 1416.10 389.21
418 328 1418.84 344.51
419 329 1419.30 1028.28
420 759 819.00 320.33
421 201 1202.17 1244.50
422 774 844.83 1241.58
423 777 850.02 671.57
424 563 488.30 972.83
425 205 1211.29 1497.21
426 770 834.51 292.05
427 207 1212.20 622.30
428 772 838.67 1162.01
429 209 1216.76 563.00
430 208 1214.48 676.59
431 779 855.60 38.59
432 778 852.27 1425.62
433 77 449.08 0.21
434 76 407.36 1559.48
435 75 384.16 0.43
436 74 318.56 0.43
437 73 268.83 1557.81
438 72 224.18 1557.06
439 71 205.73 1558.21
440 70 1561.75 546.00
441 655 695.95 1203.59
442 79 557.29 1559.36
443 78 507.09 0.66
444 2 -0.59 1553.60
445 359 1486.35 707.61
446 358 1485.35 180.22
447 669 711.35 659.71
448 668 71.19 1272.38
449 667 707.25 999.27
450 666 707.25 938.69
451 665 706.73 1046.50
452 664 705.87 742.73
453 663 705.87 309.38
454 662 704.96 596.76
455 661 704.83 1425.66
456 660 703.65 1148.66
457 215 1221.78 789.71
458 692 744.19 315.77
459 693 746.93 599.50
460 690 742.36 431.63
461 691 743.28 366.86
462 696 748.83 1049.58
463 697 749.09 1421.51
464 694 747.29 981.30
465 695 748.32 938.18
466 698 749.78 1521.33
467 699 749.86 1003.38
468 526 416.51 38.14
469 542 438.82 39.03
470 543 439.27 1335.52
471 540 431.06 1360.16
472 541 434.14 1343.74
473 546 453.65 1287.78
474 547 480.08 1065.75
475 544 443.89 805.22
476 545 450.10 1460.24
477 8 0.35 1197.94
478 548 481.11 1029.30
479 549 482.14 1389.17
480 761 823.56 144.26
481 10 0.35 580.36
482 258 1279.74 94.59
483 120 1048.90 436.19
484 121 1050.38 0.88
485 122 1055.28 52.20
486 123 1058.02 354.09
487 124 1058.02 458.09
488 764 825.38 499.14
489 126 1060.76 386.93
490 127 1061.67 928.84
491 128 1069.88 1238.11
492 129 1070.79 1228.08
493 765 828.12 407.91
494 69 1561.16 574.41
495 414 185.67 769.80
496 415 189.26 746.18
497 416 191.57 1258.77
498 417 193.63 472.82
499 410 180.54 586.01
500 411 181.53 1393.38
501 412 182.91 297.18
502 18 0.86 658.91
503 137 1080.83 679.78
504 418 197.73 436.37
505 419 198.25 1143.27
506 136 1080.83 248.26
507 319 1404.70 554.79
508 318 1400.85 42.47
509 313 1394.21 703.04
510 312 1393.75 1028.28
511 311 1392.75 199.90
512 310 1387.36 1521.84
513 317 1399.68 630.97
514 316 1399.68 287.94
515 315 1396.49 978.10
516 314 1396.22 117.71
517 139 1083.57 527.42
518 832 926.65 1103.09
519 833 928.47 463.56
520 830 923.91 767.36
521 831 924.83 479.07
522 836 936.69 394.23
523 837 943.98 339.49
524 834 93.01 884.53
525 835 935.77 829.40
526 838 944.93 1269.30
527 839 946.72 310.30
528 808 891.30 34.57
529 3 -1.23 1.16
530 368 1498.21 615.46
531 369 1498.21 637.36
532 366 1493.45 520.53
533 367 1494.61 301.76
534 364 1492.28 1362.19
535 365 1492.30 344.59
536 362 1489.98 394.36
537 363 1491.37 984.49
538 360 1488.63 1031.02
539 361 1488.63 589.46
540 380 1518.92 80.67
541 861 988.69 209.03
542 382 1522.39 906.94
543 383 1526.95 875.01
544 384 1530.60 1197.97
545 385 1534.09 12.04
546 386 1534.70 791.54
547 387 1535.13 258.93
548 388 1535.61 695.75
549 389 1537.44 236.94
550 784 858.23 604.97
551 785 859.14 319.42
552 786 862.79 552.06
553 787 862.80 1165.09
554 780 855.61 1099.38
555 781 855.87 1485.68
556 782 856.12 1194.35
557 783 857.41 1292.14
558 788 864.61 1057.48
559 789 866.90 1250.30
560 252 1262.84 378.26
561 6 0.18 290.26
562 579 550.16 590.63
563 578 55.79 579.34
564 150 1106.37 1145.06
565 573 518.84 1217.45
566 572 516.95 1482.14
567 571 508.58 1318.58
568 570 5.99 344.22
569 577 544.51 1293.94
570 576 540.15 1414.84
571 575 533.73 974.11
572 574 525.52 1239.52
573 60 1559.79 915.16
574 61 1559.89 1262.96
575 62 1559.97 146.80
576 259 1280.17 682.06
577 64 1560.25 687.53
578 65 1560.25 785.15
579 66 1560.25 817.99
580 67 1560.59 397.83
581 68 1560.70 989.96
582 155 1119.15 616.83
583 250 1262.38 1120.42
584 251 1262.84 219.52
585 256 1273.78 624.59
586 257 1276.52 120.08
587 254 1270.13 256.01
588 255 1270.59 1080.28
589 603 602.78 133.31
590 156 1120.06 175.27
591 731 788.87 937.15
592 730 787.07 547.50
593 733 789.80 813.89
594 732 788.89 765.54
595 735 791.95 1224.12
596 734 791.79 46.17
597 508 388.45 1124.53
598 736 792.21 1545.23
599 739 796.19 927.02
600 507 380.49 955.38
601 504 376.90 586.78
602 505 379.98 916.36
603 502 371.51 1307.29
604 503 376.64 1288.81
605 500 365.95 1445.25
606 501 367.66 716.15
607 630 65.11 1425.66
608 631 65.11 1446.40
609 632 65.33 171.12
610 633 651.81 1411.82
611 469 297.95 1457.93
612 635 657.57 1514.41
613 636 660.27 592.43
614 637 668.74 1081.92
615 638 671.31 1282.65
616 639 671.83 1043.42
617 467 295.13 247.87
618 466 293.34 1358.80
619 461 279.87 780.32
620 460 279.29 302.09
621 463 280.90 840.38
622 462 28.32 420.45
623 168 1141.95 142.43
624 169 1144.08 78.52
625 164 1137.39 566.65
626 165 1137.85 922.91
627 166 1138.31 1235.38
628 167 1141.04 316.68
629 160 1122.80 509.18
630 161 1130.55 974.00
631 162 1131.01 225.45
632 163 1137.39 283.84
633 9 0.35 1342.20
634 438 223.51 280.22
635 439 230.88 229.13
636 436 220.72 1455.62
637 648 686.71 437.11
638 357 1484.19 228.83
639 356 1484.07 1086.67
640 355 1482.24 1394.12
641 354 1481.88 446.45
642 353 1481.33 570.30
643 352 1480.88 635.53
644 351 1479.56 495.07
645 350 1479.56 253.14
646 803 89.16 685.60
647 802 882.86 264.68
648 801 882.86 232.75
649 800 881.95 911.51
650 807 891.07 179.84
651 806 891.07 148.82
652 805 890.26 1426.13
653 804 89.16 742.59
654 216 1223.51 22.30
655 217 1224.52 622.76
656 768 830.45 1189.21
657 769 833.79 1289.58
658 212 1219.96 859.96
659 213 122.01 331.38
660 210 1218.59 536.55
661 211 1218.83 102.84
662 762 824.04 1549.34
663 763 824.55 1470.79
664 760 822.50 1414.84
665 125 1059.85 153.38
666 766 828.91 1098.35
667 767 830.16 42.16
668 218 1224.52 761.43
669 219 1226.34 676.59
670 202 1203.99 181.66
671 289 1350.87 627.78
672 288 1348.14 1124.99
673 4 0.09 1389.17
674 281 1330.16 81.65
675 280 1329.89 1355.80
676 283 1333.08 136.50
677 282 1331.26 221.35
678 285 1337.64 738.62
679 284 1333.08 693.92
680 287 1344.03 385.56
681 286 1343.12 695.75
682 678 72.22 1236.96
683 679 727.77 875.01
684 674 717.51 1362.26
685 675 717.51 1537.46
686 676 717.73 222.71
687 677 72.22 1193.32
688 670 712.26 268.33
689 671 712.89 1086.54
690 672 713.92 1237.98
691 673 717.51 1048.55
692 263 1289.75 1396.85
693 262 1288.38 739.54
694 261 1287.47 688.45
695 260 1283.82 719.47
696 267 1297.05 535.64
697 266 1293.85 982.21
698 265 1291.57 865.89
699 264 1291.57 1352.15
700 269 1302.06 804.31
701 268 1297.50 274.26
702 59 1559.79 862.24
703 58 1559.79 1348.50
704 55 1559.79 1088.49
705 54 1559.43 500.85
706 57 1559.79 1176.08
707 56 1559.79 1141.41
708 51 1559.43 261.24
709 50 1559.33 586.27
710 53 1559.43 451.08
711 52 1559.43 349.22
712 537 427.46 654.80
713 536 425.67 586.27
714 535 425.67 513.88
715 534 425.15 1177.66
716 533 422.43 1449.86
717 532 422.07 981.56
718 531 422.07 956.40
719 530 420.79 1066.52
720 539 430.81 419.32
721 538 430.50 1500.58
722 775 846.37 714.45
723 200 1201.71 222.26
724 203 1208.10 159.31
725 115 1042.51 1108.56
726 114 1042.06 1012.32
727 117 1047.07 610.44
728 776 846.37 825.75
729 111 1037.95 413.39
730 110 1032.48 391.49
731 113 1040.69 733.61
732 112 1039.32 1063.41
733 771 834.51 888.70
734 119 1048.44 1363.55
735 118 1047.99 656.06
736 204 121.10 10.47
737 773 840.89 298.44
738 206 1211.75 756.87
739 429 205.18 922.26
740 428 204.92 994.39
741 421 199.64 225.11
742 420 198.25 418.91
743 423 200.56 861.17
744 422 20.37 1035.72
745 425 203.38 958.97
746 424 202.28 1475.22
747 427 204.58 1525.94
748 426 203.89 1032.38
749 308 1386.45 559.36
750 309 1386.91 786.98
751 855 981.43 28.32
752 300 1371.21 11.14
753 301 1372.31 235.03
754 302 1373.07 146.65
755 303 1375.68 5.79
756 304 1377.01 61.57
757 305 1377.33 871.36
758 306 1379.61 834.42
759 307 1380.58 99.50
760 371 1499.24 258.93
761 824 914.79 571.22
762 827 915.70 556.62
763 847 966.34 1011.40
764 846 965.88 1061.12
765 845 964.05 1104.00
766 844 961.36 1243.12
767 843 960.34 1297.53
768 842 958.58 1166.04
769 841 957.67 214.50
770 840 951.09 1221.56
771 375 1506.19 10.06
772 853 980.48 396.96
773 849 970.44 315.77
774 848 968.62 933.40
775 377 1509.16 827.12
776 822 912.97 930.66
777 144 1087.22 320.33
778 145 1087.22 349.52
779 431 211.85 342.16
780 568 492.15 1287.78
781 752 811.70 223.63
782 751 810.69 1546.26
783 750 809.87 264.68
784 757 818.56 9.58
785 737 792.72 1524.70
786 755 813.77 1429.21
787 754 813.00 1151.74
788 560 487.78 956.40
789 561 488.04 807.27
790 562 488.29 424.79
791 509 389.48 1063.44
792 564 488.55 1357.08
793 565 489.58 1213.85
794 566 49.12 523.38
795 567 490.61 1257.49
796 506 380.14 35.69
797 229 1242.31 1395.94
798 228 1241.40 1077.55
799 227 124.07 524.41
800 226 1238.66 1117.69
801 225 1238.20 680.24
802 224 1235.01 1499.03
803 223 1231.82 351.81
804 222 123.04 472.05
805 221 1228.17 375.53
806 220 1227.71 1446.12
807 391 1547.02 1167.86
808 726 786.15 317.59
809 727 786.30 984.90
810 724 784.51 1004.15
811 725 784.76 1259.54
812 722 782.51 372.33
813 723 782.97 1050.86
814 720 777.06 1287.78
815 721 779.77 520.13
816 372 1499.24 89.93
817 728 786.88 14.49
818 729 787.07 267.42
819 605 605.09 1400.72
820 604 603.80 1191.01
821 153 1113.67 1112.21
822 606 605.70 1437.18
823 601 597.63 1449.86
824 600 592.25 1272.38
825 157 1120.06 473.60
826 602 600.04 207.20
827 159 1122.80 238.22
828 158 1121.43 1015.97
829 609 613.04 591.40
830 608 612.63 52.20
831 634 652.83 651.21
832 80 557.52 0.66
833 468 297.95 1385.31
834 398 1556.60 560.72
835 48 1559.08 17.84
836 49 1559.08 64.25
837 46 1558.88 1286.46
838 47 1558.88 1524.58
839 44 1558.88 1034.67
840 45 1558.88 1208.01
841 42 1558.28 308.70
842 43 1558.28 640.91
843 40 1503.30 0.43
844 41 1522.38 0.35
845 465 282.42 292.71
846 5 0.09 429.18
847 464 281.93 682.78
848 374 1505.03 64.46
849 489 335.32 1350.15
850 488 332.75 686.89
851 487 330.16 111.99
852 486 319.90 152.15
853 485 319.66 586.53
854 484 319.40 981.04
855 483 318.78 250.99
856 482 317.86 1028.79
857 481 317.00 163.53
858 480 316.32 955.89
859 472 307.85 1062.93
860 473 308.36 1028.53
861 470 298.26 235.37
862 471 303.49 1336.81
863 476 311.44 833.45
864 477 311.78 1370.33
865 474 308.36 1080.89
866 475 308.36 1267.76
867 478 313.24 918.41
868 479 315.29 885.05
