0 199
1 0
2 818
3 819
4 346
5 347
6 340
7 341
8 342
9 343
10 810
11 811
12 812
13 813
14 348
15 349
16 816
17 817
18 719
19 718
20 717
21 716
22 715
23 714
24 713
25 712
26 711
27 710
28 298
29 299
30 296
31 297
32 294
33 295
34 292
35 293
36 290
37 291
38 591
39 590
40 593
41 592
42 595
43 198
44 597
45 596
46 195
47 598
48 197
49 196
50 191
51 190
52 193
53 192
54 270
55 271
56 272
57 273
58 274
59 275
60 276
61 277
62 278
63 279
64 738
65 497
66 524
67 525
68 214
69 527
70 520
71 521
72 522
73 523
74 528
75 529
76 449
77 448
78 443
79 442
80 441
81 440
82 447
83 446
84 445
85 444
86 108
87 109
88 102
89 103
90 100
91 101
92 106
93 107
94 104
95 105
96 39
97 38
98 33
99 32
100 31
101 30
102 37
103 36
104 35
105 34
106 641
107 640
108 643
109 642
110 645
111 644
112 647
113 646
114 649
115 437
116 434
117 435
118 432
119 433
120 430
121 240
122 339
123 338
124 335
125 334
126 337
127 336
128 331
129 330
130 333
131 332
132 89
133 559
134 558
135 854
136 344
137 856
138 857
139 850
140 851
141 852
142 345
143 858
144 859
145 555
146 554
147 151
148 99
149 98
150 91
151 90
152 93
153 92
154 95
155 94
156 97
157 96
158 814
159 815
160 740
161 741
162 742
163 743
164 744
165 745
166 746
167 747
168 748
169 749
170 557
171 556
172 551
173 550
174 553
175 552
176 238
177 239
178 234
179 235
180 236
181 237
182 152
183 231
184 232
185 233
186 230
187 1
188 146
189 147
190 618
191 619
192 142
193 143
194 140
195 141
196 612
197 613
198 610
199 611
200 616
201 617
202 148
203 615
204 154
205 194
206 689
207 688
208 685
209 684
210 687
211 686
212 681
213 680
214 683
215 682
216 623
217 459
218 133
219 132
220 131
221 130
222 498
223 499
224 135
225 134
226 494
227 495
228 496
229 138
230 490
231 491
232 492
233 493
234 24
235 25
236 26
237 27
238 20
239 21
240 22
241 23
242 28
243 29
244 407
245 406
246 405
247 404
248 403
249 402
250 401
251 400
252 629
253 409
254 408
255 628
256 758
257 183
258 379
259 378
260 829
261 828
262 825
263 370
264 373
265 826
266 821
267 820
268 823
269 376
270 708
271 709
272 704
273 705
274 706
275 707
276 700
277 701
278 702
279 703
280 393
281 392
282 88
283 390
284 397
285 396
286 395
287 394
288 82
289 83
290 399
291 81
292 86
293 87
294 84
295 85
296 797
297 796
298 795
299 794
300 793
301 792
302 791
303 790
304 381
305 799
306 798
307 7
308 170
309 607
310 586
311 587
312 584
313 585
314 582
315 583
316 580
317 581
318 413
319 588
320 589
321 245
322 244
323 247
324 246
325 241
326 614
327 243
328 242
329 149
330 249
331 248
332 519
333 518
334 511
335 510
336 513
337 512
338 515
339 514
340 517
341 516
342 458
343 622
344 621
345 620
346 627
347 626
348 625
349 624
350 450
351 451
352 452
353 453
354 454
355 455
356 456
357 457
358 179
359 178
360 177
361 176
362 175
363 174
364 173
365 172
366 171
367 594
368 182
369 657
370 654
371 253
372 656
373 599
374 180
375 181
376 652
377 187
378 184
379 185
380 186
381 188
382 189
383 658
384 653
385 650
386 651
387 11
388 868
389 13
390 12
391 15
392 14
393 17
394 16
395 19
396 860
397 863
398 862
399 865
400 864
401 867
402 866
403 659
404 753
405 569
406 116
407 756
408 63
409 809
410 322
411 323
412 320
413 321
414 326
415 327
416 324
417 325
418 328
419 329
420 759
421 201
422 774
423 777
424 563
425 205
426 770
427 207
428 772
429 209
430 208
431 779
432 778
433 77
434 76
435 75
436 74
437 73
438 72
439 71
440 70
441 655
442 79
443 78
444 2
445 359
446 358
447 669
448 668
449 667
450 666
451 665
452 664
453 663
454 662
455 661
456 660
457 215
458 692
459 693
460 690
461 691
462 696
463 697
464 694
465 695
466 698
467 699
468 526
469 542
470 543
471 540
472 541
473 546
474 547
475 544
476 545
477 8
478 548
479 549
480 761
481 10
482 258
483 120
484 121
485 122
486 123
487 124
488 764
489 126
490 127
491 128
492 129
493 765
494 69
495 414
496 415
497 416
498 417
499 410
500 411
501 412
502 18
503 137
504 418
505 419
506 136
507 319
508 318
509 313
510 312
511 311
512 310
513 317
514 316
515 315
516 314
517 139
518 832
519 833
520 830
521 831
522 836
523 837
524 834
525 835
526 838
527 839
528 808
529 3
530 368
531 369
532 366
533 367
534 364
535 365
536 362
537 363
538 360
539 361
540 380
541 861
542 382
543 383
544 384
545 385
546 386
547 387
548 388
549 389
550 784
551 785
552 786
553 787
554 780
555 781
556 782
557 783
558 788
559 789
560 252
561 6
562 579
563 578
564 150
565 573
566 572
567 571
568 570
569 577
570 576
571 575
572 574
573 60
574 61
575 62
576 259
577 64
578 65
579 66
580 67
581 68
582 155
583 250
584 251
585 256
586 257
587 254
588 255
589 603
590 156
591 731
592 730
593 733
594 732
595 735
596 734
597 508
598 736
599 739
600 507
601 504
602 505
603 502
604 503
605 500
606 501
607 630
608 631
609 632
610 633
611 469
612 635
613 636
614 637
615 638
616 639
617 467
618 466
619 461
620 460
621 463
622 462
623 168
624 169
625 164
626 165
627 166
628 167
629 160
630 161
631 162
632 163
633 9
634 438
635 439
636 436
637 648
638 357
639 356
640 355
641 354
642 353
643 352
644 351
645 350
646 803
647 802
648 801
649 800
650 807
651 806
652 805
653 804
654 216
655 217
656 768
657 769
658 212
659 213
660 210
661 211
662 762
663 763
664 760
665 125
666 766
667 767
668 218
669 219
670 202
671 289
672 288
673 4
674 281
675 280
676 283
677 282
678 285
679 284
680 287
681 286
682 678
683 679
684 674
685 675
686 676
687 677
688 670
689 671
690 672
691 673
692 263
693 262
694 261
695 260
696 267
697 266
698 265
699 264
700 269
701 268
702 59
703 58
704 55
705 54
706 57
707 56
708 51
709 50
710 53
711 52
712 537
713 536
714 535
715 534
716 533
717 532
718 531
719 530
720 539
721 538
722 775
723 200
724 203
725 115
726 114
727 117
728 776
729 111
730 110
731 113
732 112
733 771
734 119
735 118
736 204
737 773
738 206
739 429
740 428
741 421
742 420
743 423
744 422
745 425
746 424
747 427
748 426
749 308
750 309
751 855
752 300
753 301
754 302
755 303
756 304
757 305
758 306
759 307
760 371
761 824
762 827
763 847
764 846
765 845
766 844
767 843
768 842
769 841
770 840
771 375
772 853
773 849
774 848
775 377
776 822
777 144
778 145
779 431
780 568
781 752
782 751
783 750
784 757
785 737
786 755
787 754
788 560
789 561
790 562
791 509
792 564
793 565
794 566
795 567
796 506
797 229
798 228
799 227
800 226
801 225
802 224
803 223
804 222
805 221
806 220
807 391
808 726
809 727
810 724
811 725
812 722
813 723
814 720
815 721
816 372
817 728
818 729
819 605
820 604
821 153
822 606
823 601
824 600
825 157
826 602
827 159
828 158
829 609
830 608
831 634
832 80
833 468
834 398
835 48
836 49
837 46
838 47
839 44
840 45
841 42
842 43
843 40
844 41
845 465
846 5
847 464
848 374
849 489
850 488
851 487
852 486
853 485
854 484
855 483
856 482
857 481
858 480
859 472
860 473
861 470
862 471
863 476
864 477
865 474
866 475
867 478
868 479
