0 344
1 345
2 346
3 347
4 340
5 341
6 342
7 343
8 348
9 349
10 298
11 299
12 296
13 297
14 294
15 295
16 292
17 293
18 597
19 291
20 270
21 271
22 272
23 1138
24 274
25 275
26 276
27 277
28 278
29 279
30 1780
31 108
32 109
33 102
34 103
35 100
36 101
37 106
38 107
39 104
40 105
41 1213
42 1000
43 99
44 98
45 91
46 90
47 93
48 92
49 95
50 94
51 97
52 96
53 1623
54 1622
55 1621
56 1620
57 1627
58 1626
59 1625
60 1624
61 1629
62 1628
63 559
64 558
65 1217
66 555
67 554
68 557
69 556
70 551
71 550
72 553
73 552
74 1199
75 1198
76 1191
77 1190
78 1193
79 1192
80 1195
81 1194
82 1197
83 1196
84 1759
85 1758
86 1757
87 1756
88 1755
89 1754
90 1753
91 1752
92 1751
93 1750
94 1177
95 1176
96 1175
97 1174
98 1173
99 1172
100 1171
101 1170
102 1179
103 1178
104 511
105 1006
106 1005
107 1285
108 1284
109 1287
110 1004
111 1281
112 1280
113 1283
114 1282
115 515
116 879
117 1289
118 1288
119 1002
120 1579
121 1578
122 689
123 1001
124 685
125 684
126 687
127 686
128 1577
129 1576
130 683
131 1574
132 458
133 1226
134 1240
135 1225
136 620
137 1223
138 1222
139 625
140 1243
141 1220
142 407
143 406
144 405
145 1372
146 1375
147 402
148 1377
149 1376
150 1379
151 1378
152 1342
153 409
154 408
155 453
156 454
157 455
158 1346
159 457
160 1018
161 379
162 378
163 371
164 370
165 373
166 372
167 375
168 374
169 377
170 376
171 1244
172 393
173 392
174 391
175 390
176 397
177 396
178 395
179 394
180 399
181 398
182 1247
183 245
184 244
185 247
186 246
187 241
188 240
189 243
190 242
191 249
192 248
193 290
194 179
195 178
196 177
197 176
198 175
199 174
200 173
201 172
202 171
203 170
204 1502
205 657
206 654
207 1501
208 1506
209 1507
210 1110
211 1504
212 1505
213 1227
214 273
215 1365
216 1032
217 1362
218 1618
219 1619
220 1616
221 1617
222 1614
223 1615
224 1612
225 1613
226 1610
227 1611
228 1768
229 1769
230 1762
231 1763
232 1760
233 1761
234 1766
235 1767
236 1764
237 1765
238 1142
239 1143
240 1140
241 1141
242 1146
243 1147
244 1144
245 1145
246 1148
247 1149
248 1546
249 693
250 1544
251 1545
252 696
253 1543
254 694
255 695
256 698
257 699
258 1548
259 1549
260 542
261 543
262 540
263 541
264 546
265 547
266 544
267 545
268 548
269 549
270 760
271 761
272 1784
273 1785
274 1786
275 765
276 414
277 415
278 416
279 417
280 1388
281 1389
282 412
283 413
284 1384
285 1385
286 1386
287 1387
288 1380
289 419
290 1382
291 1383
292 368
293 369
294 366
295 367
296 364
297 365
298 362
299 363
300 360
301 361
302 380
303 381
304 382
305 383
306 384
307 385
308 386
309 387
310 388
311 389
312 1077
313 258
314 259
315 252
316 253
317 250
318 251
319 256
320 257
321 254
322 255
323 168
324 169
325 164
326 165
327 166
328 167
329 160
330 161
331 162
332 163
333 1090
334 679
335 1814
336 1815
337 1816
338 1817
339 1810
340 1811
341 1812
342 1813
343 1093
344 1818
345 1819
346 1098
347 1099
348 1609
349 1608
350 1601
351 1600
352 1603
353 1602
354 1605
355 1604
356 1607
357 1606
358 809
359 808
360 803
361 802
362 801
363 800
364 807
365 806
366 805
367 804
368 1775
369 1774
370 1777
371 1776
372 1771
373 1770
374 1773
375 1772
376 1779
377 1778
378 608
379 1159
380 1158
381 1155
382 1154
383 1157
384 1156
385 1151
386 1150
387 1153
388 1152
389 59
390 1554
391 1551
392 1550
393 1553
394 1552
395 1555
396 58
397 1557
398 1556
399 1559
400 54
401 57
402 56
403 51
404 50
405 53
406 52
407 537
408 55
409 535
410 534
411 533
412 532
413 531
414 1558
415 539
416 538
417 536
418 429
419 428
420 1399
421 1398
422 1397
423 1396
424 1395
425 1394
426 425
427 1392
428 427
429 1390
430 530
431 853
432 229
433 228
434 227
435 226
436 225
437 224
438 223
439 222
440 221
441 220
442 763
443 151
444 150
445 153
446 152
447 155
448 154
449 157
450 156
451 159
452 158
453 1807
454 1806
455 1805
456 1804
457 1803
458 1802
459 1801
460 1800
461 1809
462 1808
463 1256
464 690
465 1257
466 1254
467 818
468 819
469 1255
470 810
471 811
472 812
473 813
474 814
475 815
476 816
477 817
478 1522
479 1523
480 1490
481 1491
482 1492
483 1493
484 1494
485 1495
486 1496
487 1497
488 1498
489 1499
490 423
491 1700
492 1701
493 1702
494 1703
495 1704
496 1705
497 1706
498 1707
499 1708
500 1709
501 424
502 1391
503 426
504 1128
505 1129
506 1120
507 1121
508 1122
509 1123
510 1124
511 1125
512 1126
513 1127
514 524
515 525
516 526
517 527
518 520
519 1019
520 522
521 523
522 1014
523 1015
524 1016
525 1017
526 528
527 1011
528 1012
529 1013
530 1234
531 1235
532 1236
533 1237
534 1230
535 1231
536 1232
537 1233
538 1238
539 1239
540 438
541 439
542 436
543 437
544 434
545 435
546 432
547 433
548 430
549 431
550 1697
551 238
552 239
553 234
554 235
555 236
556 237
557 230
558 231
559 232
560 233
561 1
562 146
563 147
564 144
565 145
566 142
567 143
568 140
569 141
570 148
571 149
572 1832
573 1833
574 1830
575 1831
576 1836
577 1837
578 1834
579 1835
580 1838
581 1839
582 939
583 938
584 933
585 932
586 931
587 930
588 937
589 936
590 935
591 934
592 1691
593 829
594 828
595 825
596 824
597 827
598 826
599 821
600 820
601 823
602 822
603 1483
604 1482
605 1481
606 619
607 1487
608 1486
609 1485
610 1484
611 1489
612 1488
613 797
614 796
615 1711
616 794
617 793
618 792
619 1715
620 790
621 1719
622 1718
623 799
624 798
625 612
626 613
627 1272
628 1139
629 1273
630 1133
631 1132
632 1131
633 1130
634 1137
635 1136
636 1135
637 1134
638 1276
639 615
640 519
641 518
642 1009
643 1008
644 1007
645 510
646 513
647 512
648 1003
649 514
650 517
651 516
652 623
653 622
654 621
655 1224
656 627
657 626
658 1221
659 624
660 629
661 628
662 1229
663 1228
664 2
665 1286
666 11
667 10
668 13
669 12
670 15
671 14
672 17
673 16
674 19
675 18
676 688
677 201
678 200
679 203
680 202
681 205
682 204
683 207
684 206
685 209
686 208
687 1573
688 1572
689 1571
690 1570
691 681
692 680
693 1575
694 682
695 1829
696 1828
697 1825
698 1824
699 1827
700 1826
701 1821
702 1820
703 1823
704 1822
705 928
706 929
707 920
708 921
709 922
710 923
711 924
712 925
713 926
714 927
715 832
716 833
717 830
718 831
719 836
720 837
721 834
722 835
723 838
724 839
725 3
726 1267
727 784
728 785
729 786
730 787
731 780
732 781
733 1728
734 1729
735 1726
736 1727
737 1724
738 1725
739 1722
740 789
741 1720
742 1721
743 60
744 61
745 62
746 63
747 64
748 65
749 66
750 67
751 68
752 69
753 1371
754 1588
755 1589
756 1370
757 1582
758 1583
759 1580
760 1581
761 1586
762 1373
763 1584
764 1585
765 1038
766 1039
767 508
768 509
769 506
770 507
771 504
772 505
773 502
774 503
775 500
776 1374
777 1212
778 631
779 1210
780 633
781 634
782 401
783 636
784 637
785 638
786 639
787 1218
788 1219
789 782
790 783
791 1454
792 1455
793 1456
794 1457
795 1102
796 1451
797 1452
798 1101
799 1458
800 1459
801 1108
802 1109
803 788
804 1723
805 1393
806 216
807 217
808 214
809 215
810 212
811 213
812 210
813 211
814 1530
815 218
816 219
817 4
818 919
819 918
820 915
821 914
822 917
823 916
824 911
825 910
826 913
827 912
828 1423
829 847
830 846
831 845
832 844
833 843
834 842
835 841
836 840
837 849
838 848
839 664
840 1587
841 1739
842 1738
843 1731
844 1730
845 1733
846 1732
847 1735
848 1734
849 1737
850 1736
851 753
852 752
853 751
854 750
855 757
856 756
857 755
858 754
859 759
860 758
861 1595
862 1594
863 1597
864 1596
865 1591
866 1590
867 1593
868 1033
869 1599
870 1030
871 1025
872 1024
873 1027
874 1026
875 1021
876 1020
877 1023
878 1022
879 1036
880 1029
881 1028
882 1037
883 1034
884 501
885 605
886 630
887 607
888 606
889 601
890 600
891 603
892 602
893 1205
894 1204
895 1207
896 1206
897 609
898 632
899 1203
900 1202
901 1211
902 1216
903 635
904 1214
905 1215
906 1111
907 465
908 1113
909 1444
910 1115
911 1114
912 1441
913 464
914 1119
915 1118
916 467
917 1449
918 1448
919 1350
920 1357
921 450
922 460
923 463
924 489
925 488
926 487
927 486
928 485
929 462
930 483
931 482
932 481
933 480
934 451
935 199
936 198
937 195
938 194
939 197
940 196
941 191
942 190
943 193
944 192
945 1106
946 1107
947 1104
948 1105
949 1450
950 1103
951 1100
952 421
953 902
954 903
955 900
956 901
957 906
958 907
959 904
960 905
961 420
962 908
963 909
964 854
965 855
966 856
967 857
968 850
969 851
970 852
971 0
972 858
973 859
974 6
975 616
976 740
977 741
978 742
979 743
980 744
981 745
982 746
983 747
984 748
985 749
986 1050
987 1051
988 1052
989 1053
990 1054
991 1055
992 1056
993 1057
994 1058
995 1059
996 1696
997 1793
998 1694
999 1695
1000 1692
1001 1693
1002 1690
1003 716
1004 1791
1005 1698
1006 1699
1007 1278
1008 1279
1009 618
1010 714
1011 1270
1012 713
1013 610
1014 611
1015 1274
1016 617
1017 614
1018 1277
1019 711
1020 710
1021 1472
1022 1473
1023 1470
1024 1471
1025 1476
1026 1477
1027 1474
1028 1475
1029 1478
1030 1479
1031 1304
1032 1305
1033 1306
1034 1307
1035 1300
1036 1301
1037 1302
1038 1303
1039 1308
1040 1309
1041 498
1042 499
1043 494
1044 495
1045 496
1046 497
1047 490
1048 491
1049 492
1050 493
1051 24
1052 25
1053 26
1054 27
1055 20
1056 21
1057 22
1058 23
1059 28
1060 29
1061 1241
1062 7
1063 410
1064 411
1065 1087
1066 1086
1067 1085
1068 592
1069 1083
1070 1082
1071 977
1072 976
1073 975
1074 974
1075 973
1076 972
1077 971
1078 970
1079 596
1080 979
1081 978
1082 182
1083 183
1084 180
1085 181
1086 186
1087 187
1088 184
1089 185
1090 188
1091 189
1092 869
1093 868
1094 861
1095 860
1096 863
1097 862
1098 865
1099 864
1100 867
1101 866
1102 883
1103 882
1104 881
1105 880
1106 887
1107 886
1108 885
1109 884
1110 889
1111 888
1112 775
1113 774
1114 777
1115 776
1116 771
1117 770
1118 773
1119 772
1120 779
1121 778
1122 77
1123 76
1124 75
1125 74
1126 73
1127 72
1128 71
1129 70
1130 79
1131 78
1132 1043
1133 1042
1134 1041
1135 1040
1136 1047
1137 1046
1138 1045
1139 1044
1140 1049
1141 1048
1142 1681
1143 1680
1144 1683
1145 1682
1146 1685
1147 1684
1148 1687
1149 1686
1150 1689
1151 1688
1152 1269
1153 1268
1154 669
1155 668
1156 667
1157 666
1158 665
1159 1260
1160 663
1161 662
1162 661
1163 660
1164 264
1165 1469
1166 1468
1167 1465
1168 1464
1169 1467
1170 1466
1171 1461
1172 1460
1173 1463
1174 1462
1175 1317
1176 1316
1177 1315
1178 1314
1179 1313
1180 1312
1181 1311
1182 1310
1183 1319
1184 1318
1185 1010
1186 529
1187 319
1188 318
1189 313
1190 312
1191 311
1192 310
1193 317
1194 316
1195 315
1196 314
1197 1520
1198 443
1199 1334
1200 441
1201 1336
1202 447
1203 446
1204 445
1205 1332
1206 404
1207 403
1208 1521
1209 964
1210 965
1211 966
1212 967
1213 960
1214 961
1215 962
1216 963
1217 968
1218 969
1219 30
1220 400
1221 1560
1222 641
1223 878
1224 640
1225 876
1226 877
1227 874
1228 875
1229 872
1230 873
1231 870
1232 871
1233 642
1234 9
1235 1245
1236 1532
1237 890
1238 891
1239 892
1240 893
1241 894
1242 895
1243 896
1244 897
1245 898
1246 899
1247 646
1248 649
1249 1248
1250 422
1251 1788
1252 1789
1253 768
1254 769
1255 762
1256 1781
1257 1782
1258 1783
1259 766
1260 767
1261 764
1262 1787
1263 1078
1264 1079
1265 1076
1266 643
1267 1074
1268 1075
1269 1072
1270 1073
1271 1070
1272 1071
1273 1678
1274 1679
1275 1674
1276 1675
1277 1676
1278 1677
1279 1670
1280 1671
1281 1672
1282 1673
1283 1094
1284 1095
1285 1096
1286 1097
1287 678
1288 1091
1289 1092
1290 1534
1291 674
1292 675
1293 676
1294 677
1295 670
1296 671
1297 672
1298 673
1299 1533
1300 1418
1301 1419
1302 1410
1303 1411
1304 1412
1305 1413
1306 1414
1307 1415
1308 1416
1309 1417
1310 1322
1311 1323
1312 1320
1313 1321
1314 1326
1315 1327
1316 1324
1317 1325
1318 1328
1319 1329
1320 1480
1321 5
1322 1531
1323 1524
1324 1525
1325 1526
1326 1527
1327 1252
1328 1253
1329 1250
1330 1251
1331 1528
1332 1529
1333 1258
1334 1259
1335 308
1336 309
1337 300
1338 301
1339 302
1340 303
1341 304
1342 305
1343 306
1344 307
1345 473
1346 1443
1347 959
1348 958
1349 951
1350 950
1351 953
1352 952
1353 955
1354 954
1355 957
1356 956
1357 1442
1358 477
1359 1440
1360 1263
1361 1262
1362 1261
1363 1799
1364 1798
1365 719
1366 718
1367 717
1368 1792
1369 715
1370 1790
1371 1797
1372 712
1373 1795
1374 1794
1375 1265
1376 1264
1377 1069
1378 1068
1379 1061
1380 1060
1381 1063
1382 1062
1383 1065
1384 1064
1385 1067
1386 1066
1387 1669
1388 1668
1389 1667
1390 1666
1391 1665
1392 1664
1393 1663
1394 1662
1395 1661
1396 1660
1397 591
1398 590
1399 593
1400 1084
1401 595
1402 594
1403 1081
1404 1080
1405 599
1406 598
1407 1089
1408 1088
1409 1409
1410 1408
1411 1403
1412 1402
1413 1401
1414 1400
1415 1407
1416 1406
1417 1405
1418 1404
1419 692
1420 449
1421 448
1422 1339
1423 1338
1424 1547
1425 1335
1426 442
1427 1337
1428 440
1429 1331
1430 1330
1431 1333
1432 444
1433 691
1434 1542
1435 697
1436 39
1437 38
1438 1540
1439 33
1440 32
1441 31
1442 1541
1443 37
1444 36
1445 35
1446 34
1447 1537
1448 1536
1449 1535
1450 1242
1451 645
1452 644
1453 647
1454 1246
1455 1249
1456 648
1457 1539
1458 1538
1459 339
1460 338
1461 335
1462 334
1463 337
1464 336
1465 331
1466 330
1467 333
1468 332
1469 8
1470 948
1471 949
1472 946
1473 947
1474 944
1475 945
1476 942
1477 943
1478 940
1479 941
1480 133
1481 132
1482 131
1483 130
1484 137
1485 136
1486 135
1487 134
1488 139
1489 138
1490 1354
1491 1453
1492 708
1493 709
1494 704
1495 705
1496 706
1497 707
1498 700
1499 701
1500 702
1501 703
1502 88
1503 89
1504 82
1505 83
1506 80
1507 81
1508 86
1509 87
1510 84
1511 85
1512 1658
1513 1659
1514 1652
1515 1653
1516 1650
1517 1651
1518 1656
1519 1657
1520 1654
1521 1655
1522 586
1523 587
1524 584
1525 585
1526 582
1527 583
1528 580
1529 581
1530 588
1531 589
1532 1436
1533 1437
1534 1434
1535 1435
1536 1432
1537 1433
1538 1430
1539 1431
1540 418
1541 1438
1542 1439
1543 1349
1544 1348
1545 459
1546 1340
1547 1341
1548 452
1549 1343
1550 1344
1551 1345
1552 456
1553 1347
1554 1266
1555 656
1556 1503
1557 1500
1558 655
1559 652
1560 653
1561 650
1562 651
1563 1508
1564 1509
1565 658
1566 659
1567 322
1568 323
1569 320
1570 321
1571 326
1572 327
1573 324
1574 325
1575 328
1576 329
1577 1592
1578 1598
1579 995
1580 994
1581 997
1582 996
1583 991
1584 990
1585 993
1586 992
1587 999
1588 998
1589 120
1590 121
1591 122
1592 123
1593 124
1594 125
1595 126
1596 127
1597 128
1598 129
1599 521
1600 722
1601 1749
1602 1645
1603 1644
1604 1647
1605 1646
1606 1641
1607 1640
1608 1643
1609 1642
1610 1649
1611 1648
1612 1742
1613 1743
1614 579
1615 578
1616 604
1617 573
1618 572
1619 571
1620 570
1621 577
1622 576
1623 575
1624 574
1625 1209
1626 1208
1627 1421
1628 1420
1629 1271
1630 1422
1631 1425
1632 1424
1633 1427
1634 1426
1635 1429
1636 1428
1637 731
1638 730
1639 733
1640 732
1641 735
1642 734
1643 737
1644 736
1645 739
1646 738
1647 1359
1648 1358
1649 469
1650 468
1651 1353
1652 1352
1653 1351
1654 466
1655 461
1656 1356
1657 1355
1658 1200
1659 1519
1660 1518
1661 1515
1662 1514
1663 1517
1664 1516
1665 1511
1666 1510
1667 1513
1668 1512
1669 1275
1670 357
1671 356
1672 355
1673 354
1674 353
1675 352
1676 351
1677 350
1678 359
1679 358
1680 43
1681 1447
1682 1446
1683 1445
1684 484
1685 289
1686 288
1687 1112
1688 281
1689 280
1690 283
1691 282
1692 285
1693 284
1694 287
1695 286
1696 1117
1697 1116
1698 263
1699 262
1700 261
1701 260
1702 267
1703 266
1704 265
1705 1561
1706 1031
1707 269
1708 268
1709 1562
1710 1291
1711 1564
1712 1297
1713 1294
1714 1567
1715 988
1716 989
1717 982
1718 983
1719 980
1720 981
1721 986
1722 987
1723 984
1724 985
1725 115
1726 114
1727 117
1728 116
1729 111
1730 110
1731 113
1732 112
1733 119
1734 118
1735 1796
1736 1035
1737 1630
1738 1631
1739 1632
1740 1633
1741 1634
1742 1635
1743 1636
1744 1637
1745 1638
1746 1639
1747 568
1748 569
1749 560
1750 561
1751 562
1752 563
1753 564
1754 565
1755 566
1756 567
1757 1188
1758 1189
1759 1186
1760 1187
1761 1184
1762 1185
1763 1182
1764 1183
1765 1180
1766 1181
1767 726
1768 727
1769 724
1770 725
1771 1748
1772 723
1773 720
1774 721
1775 1744
1776 1745
1777 1746
1778 1747
1779 1740
1780 1741
1781 728
1782 729
1783 1164
1784 1165
1785 1166
1786 1167
1787 1160
1788 1161
1789 1162
1790 1163
1791 1168
1792 1169
1793 1366
1794 48
1795 49
1796 46
1797 47
1798 44
1799 45
1800 42
1801 1364
1802 40
1803 41
1804 1568
1805 1569
1806 1298
1807 1299
1808 1292
1809 1293
1810 1290
1811 1563
1812 1296
1813 1565
1814 1566
1815 1295
1816 1713
1817 474
1818 1712
1819 1361
1820 795
1821 1381
1822 1710
1823 1717
1824 1716
1825 791
1826 1201
1827 1714
1828 472
1829 1367
1830 470
1831 471
1832 476
1833 1363
1834 1360
1835 475
1836 478
1837 479
1838 1368
1839 1369
