0 344
1 345
2 346
3 347
4 340
5 341
6 342
7 343
8 348
9 349
10 298
11 299
12 296
13 297
14 294
15 295
16 292
17 293
18 290
19 291
20 199
21 198
22 195
23 194
24 197
25 196
26 191
27 190
28 193
29 192
30 270
31 271
32 272
33 273
34 274
35 275
36 276
37 277
38 278
39 279
40 449
41 448
42 443
43 442
44 441
45 440
46 447
47 446
48 445
49 444
50 108
51 109
52 102
53 103
54 100
55 101
56 106
57 107
58 104
59 105
60 39
61 38
62 33
63 32
64 31
65 30
66 37
67 36
68 35
69 34
70 438
71 439
72 436
73 437
74 434
75 435
76 432
77 433
78 430
79 431
80 339
81 338
82 335
83 334
84 337
85 336
86 331
87 330
88 333
89 332
90 0
91 6
92 99
93 98
94 91
95 90
96 93
97 92
98 95
99 94
100 97
101 96
102 238
103 239
104 234
105 235
106 236
107 237
108 230
109 231
110 232
111 233
112 1
113 146
114 147
115 144
116 145
117 142
118 143
119 140
120 141
121 148
122 149
123 133
124 132
125 131
126 130
127 137
128 136
129 135
130 134
131 139
132 138
133 24
134 25
135 26
136 27
137 20
138 21
139 22
140 23
141 28
142 29
143 407
144 406
145 405
146 404
147 403
148 402
149 401
150 400
151 409
152 408
153 379
154 378
155 371
156 370
157 373
158 372
159 375
160 374
161 377
162 376
163 393
164 392
165 88
166 390
167 397
168 396
169 395
170 394
171 82
172 83
173 399
174 398
175 86
176 87
177 84
178 85
179 7
180 245
181 244
182 247
183 246
184 241
185 240
186 243
187 242
188 249
189 248
190 458
191 459
192 450
193 451
194 452
195 453
196 454
197 455
198 456
199 457
200 179
201 178
202 177
203 176
204 175
205 174
206 173
207 172
208 171
209 170
210 182
211 183
212 180
213 181
214 186
215 187
216 184
217 185
218 188
219 189
220 11
221 10
222 13
223 12
224 15
225 14
226 17
227 16
228 19
229 18
230 322
231 323
232 320
233 321
234 326
235 327
236 324
237 325
238 328
239 329
240 201
241 200
242 203
243 202
244 205
245 204
246 207
247 206
248 209
249 208
250 77
251 76
252 75
253 74
254 73
255 72
256 71
257 70
258 79
259 78
260 2
261 8
262 120
263 121
264 122
265 123
266 124
267 125
268 126
269 127
270 128
271 129
272 414
273 415
274 416
275 417
276 410
277 411
278 412
279 413
280 418
281 419
282 319
283 318
284 313
285 312
286 311
287 310
288 317
289 316
290 315
291 314
292 3
293 368
294 369
295 366
296 367
297 364
298 365
299 362
300 363
301 360
302 361
303 380
304 381
305 382
306 383
307 384
308 385
309 386
310 387
311 388
312 389
313 252
314 60
315 61
316 258
317 63
318 64
319 65
320 66
321 67
322 68
323 253
324 250
325 251
326 256
327 257
328 254
329 255
330 465
331 464
332 466
333 461
334 460
335 463
336 462
337 168
338 169
339 164
340 165
341 166
342 167
343 160
344 161
345 162
346 163
347 9
348 357
349 356
350 355
351 354
352 353
353 352
354 351
355 350
356 359
357 358
358 216
359 217
360 214
361 215
362 212
363 213
364 210
365 211
366 218
367 219
368 289
369 288
370 4
371 281
372 280
373 283
374 282
375 285
376 284
377 287
378 286
379 263
380 262
381 261
382 260
383 267
384 266
385 265
386 264
387 269
388 268
389 59
390 58
391 55
392 54
393 57
394 56
395 51
396 62
397 53
398 52
399 259
400 50
401 115
402 114
403 117
404 116
405 111
406 110
407 113
408 69
409 119
410 118
411 429
412 428
413 421
414 420
415 423
416 422
417 425
418 424
419 427
420 426
421 308
422 309
423 300
424 301
425 302
426 303
427 304
428 305
429 306
430 307
431 229
432 228
433 227
434 226
435 225
436 224
437 223
438 222
439 221
440 220
441 391
442 89
443 151
444 150
445 153
446 152
447 155
448 154
449 157
450 156
451 159
452 158
453 112
454 80
455 81
456 48
457 49
458 46
459 47
460 44
461 45
462 42
463 43
464 40
465 41
466 5
