0 133
1 132
2 131
3 130
4 137
5 136
6 135
7 134
8 139
9 138
10 166
11 24
12 25
13 26
14 92
15 20
16 21
17 22
18 23
19 160
20 28
21 29
22 161
23 0
24 4
25 8
26 163
27 120
28 121
29 122
30 123
31 124
32 125
33 126
34 127
35 128
36 129
37 91
38 59
39 58
40 55
41 54
42 57
43 56
44 51
45 50
46 53
47 52
48 90
49 115
50 114
51 88
52 89
53 111
54 110
55 113
56 112
57 82
58 83
59 80
60 81
61 119
62 87
63 84
64 85
65 27
66 3
67 7
68 108
69 109
70 102
71 103
72 100
73 101
74 106
75 107
76 104
77 105
78 39
79 38
80 33
81 32
82 31
83 30
84 37
85 36
86 35
87 34
88 86
89 60
90 61
91 62
92 63
93 64
94 65
95 66
96 67
97 68
98 69
99 2
100 162
101 6
102 99
103 98
104 168
105 164
106 165
107 93
108 167
109 95
110 94
111 97
112 96
113 11
114 10
115 13
116 12
117 15
118 14
119 17
120 16
121 19
122 18
123 118
124 117
125 116
126 151
127 150
128 153
129 152
130 155
131 154
132 157
133 156
134 159
135 158
136 48
137 49
138 46
139 47
140 44
141 45
142 42
143 43
144 40
145 41
146 1
147 5
148 9
149 146
150 147
151 144
152 145
153 142
154 143
155 140
156 141
157 148
158 149
159 77
160 76
161 75
162 74
163 73
164 72
165 71
166 70
167 79
168 78
