0 133
1 164
2 131
3 130
4 137
5 136
6 135
7 134
8 139
9 138
10 166
11 24
12 25
13 26
14 167
15 20
16 21
17 22
18 23
19 160
20 28
21 29
22 161
23 0
24 4
25 8
26 96
27 119
28 120
29 121
30 122
31 123
32 124
33 125
34 126
35 127
36 128
37 2
38 59
39 58
40 132
41 55
42 54
43 57
44 56
45 51
46 50
47 53
48 52
49 90
50 66
51 178
52 191
53 190
54 115
55 177
56 88
57 89
58 111
59 110
60 113
61 176
62 82
63 83
64 80
65 81
66 86
67 87
68 84
69 85
70 27
71 3
72 129
73 7
74 108
75 109
76 102
77 103
78 100
79 101
80 106
81 107
82 104
83 105
84 39
85 38
86 33
87 32
88 31
89 30
90 37
91 36
92 35
93 34
94 162
95 114
96 60
97 61
98 62
99 63
100 64
101 65
102 179
103 67
104 68
105 69
106 175
107 174
108 173
109 172
110 171
111 170
112 182
113 183
114 180
115 181
116 186
117 187
118 184
119 6
120 188
121 189
122 185
123 99
124 98
125 168
126 169
127 91
128 165
129 93
130 92
131 95
132 94
133 97
134 163
135 11
136 10
137 13
138 12
139 15
140 14
141 17
142 16
143 19
144 18
145 117
146 116
147 151
148 150
149 153
150 152
151 155
152 154
153 157
154 156
155 159
156 158
157 112
158 48
159 49
160 46
161 47
162 44
163 45
164 42
165 43
166 40
167 118
168 1
169 5
170 9
171 146
172 147
173 144
174 145
175 142
176 143
177 140
178 141
179 148
180 149
181 77
182 76
183 75
184 74
185 73
186 72
187 71
188 70
189 79
190 78
191 41
