0 4
0 7
1 16
1 32
1 48
1 49
2 42
2 6
3 37
3 55
4 35
5 27
5 36
5 13
5 14
6 42
7 67
7 35
8 43
8 60
8 47
9 56
9 20
9 15
10 50
10 28
11 68
11 23
12 36
13 27
13 36
13 14
14 27
15 56
15 20
16 32
16 48
16 53
16 49
17 24
17 34
17 31
18 63
19 44
20 56
21 24
21 57
21 44
21 29
21 33
22 30
23 68
23 53
24 34
24 54
24 33
25 65
25 52
26 66
26 68
27 36
28 50
29 57
29 44
30 51
30 59
32 49
32 48
35 67
37 55
38 54
38 62
39 56
40 41
40 62
41 62
43 47
44 57
45 70
46 53
46 69
47 64
47 60
47 52
48 49
48 70
49 53
49 58
51 59
52 65
53 69
53 58
54 62
59 63
60 64
61 66
