0 17
0 11
0 65
0 31
1 3
1 4
1 42
1 51
1 53
1 56
1 25
1 10
2 9
2 34
2 59
2 7
3 18
3 51
4 42
4 48
4 51
4 56
4 25
4 10
5 8
5 39
5 21
5 37
6 36
6 52
6 23
7 66
7 9
7 34
7 49
7 55
7 59
7 31
8 39
8 43
8 37
9 59
9 34
10 42
10 48
10 51
10 56
10 25
10 60
11 40
11 29
11 31
12 58
13 38
14 19
15 33
15 35
15 28
15 36
16 55
17 65
17 20
17 32
17 31
18 42
20 32
22 32
23 52
24 66
25 51
25 56
25 42
26 63
27 57
27 58
28 33
28 35
29 40
30 66
31 55
33 35
34 59
34 62
36 55
37 39
41 64
41 50
41 54
42 48
42 51
42 56
42 60
44 57
44 47
45 46
47 61
48 60
50 64
51 56
55 62
