0 47
1 67
1 36
1 63
2 15
3 63
4 66
4 59
5 66
5 37
6 47
6 13
6 31
7 49
7 75
7 51
8 22
8 15
9 41
9 69
10 73
10 19
11 38
12 25
12 55
12 71
13 47
13 31
14 32
14 35
14 76
14 46
15 28
15 61
15 22
16 42
16 53
17 48
17 43
18 71
19 64
19 73
20 40
20 27
20 45
21 24
21 64
21 45
23 58
23 34
23 70
23 55
24 64
25 57
25 55
26 58
26 68
27 45
28 48
28 56
28 61
29 33
29 69
30 37
30 38
30 47
31 47
32 54
32 35
32 76
32 46
34 71
34 60
35 54
35 76
35 46
36 67
36 63
37 66
37 38
39 67
41 69
42 53
43 48
44 63
46 76
46 54
48 56
49 75
49 51
50 74
51 74
51 75
52 65
52 55
55 65
55 70
57 72
58 68
59 66
60 71
62 70
63 67
