0 24
0 45
0 21
1 43
2 18
2 51
2 14
2 30
3 35
4 13
5 6
5 7
5 74
5 46
5 16
5 63
5 31
6 74
6 20
6 46
6 7
7 46
8 67
8 36
9 13
10 60
11 33
11 58
11 20
11 42
11 63
12 61
13 56
13 34
13 54
14 51
14 30
15 41
16 74
16 31
17 44
17 47
18 65
18 19
18 50
18 30
19 76
19 50
20 33
20 74
20 58
20 63
21 59
22 34
22 61
23 64
23 70
23 71
24 52
24 45
25 50
25 43
25 44
25 46
26 73
26 28
27 65
28 73
28 68
28 74
28 38
29 65
29 62
30 51
31 74
32 42
32 43
32 47
33 63
33 46
33 55
34 56
35 62
37 40
37 53
38 68
38 74
39 52
41 65
42 43
42 47
43 44
44 47
45 59
46 55
48 69
48 77
49 65
49 62
50 76
57 67
62 65
64 70
65 66
68 74
69 72
69 77
70 72
70 75
70 71
72 75
