0 82
0 46
1 73
1 52
2 33
2 11
2 23
3 48
3 74
3 78
3 31
4 44
4 61
5 9
5 76
5 50
5 26
5 59
5 28
6 40
6 57
6 63
7 38
8 66
8 13
9 17
9 26
9 50
10 23
11 33
12 75
12 43
13 66
14 41
14 52
14 21
15 67
15 60
16 72
18 47
19 56
19 58
19 69
19 55
20 80
20 25
21 41
21 52
22 67
23 33
24 59
24 28
25 80
26 50
26 76
27 74
28 59
29 75
30 32
30 77
31 48
31 34
32 77
34 48
34 72
35 45
36 42
36 45
37 50
37 39
38 70
39 50
41 52
42 45
43 75
44 60
44 61
46 82
47 68
47 82
49 65
49 51
49 81
51 65
52 73
53 62
54 71
55 56
55 69
56 69
57 63
62 79
64 71
65 81
74 78
