0 68
0 5
0 38
0 75
0 52
0 31
1 80
1 24
2 10
2 19
3 34
4 25
4 55
5 68
5 38
5 75
5 52
5 31
6 89
7 70
7 46
7 61
8 64
8 53
9 58
9 46
10 65
10 19
11 32
11 50
11 91
11 45
12 40
12 77
13 33
13 27
13 60
14 35
14 59
14 36
14 37
14 71
15 66
15 42
15 46
15 85
15 74
15 21
16 90
16 43
16 20
17 50
18 83
18 75
18 50
18 54
20 43
21 42
21 46
22 64
22 26
23 45
24 80
25 55
26 64
27 33
27 60
27 86
28 73
29 83
29 44
29 77
29 70
29 79
30 81
30 82
31 68
31 38
31 75
31 52
32 91
32 45
33 64
34 88
34 63
35 48
35 91
35 36
36 59
36 91
36 71
38 68
38 75
38 52
39 47
40 77
41 72
41 62
42 46
43 90
44 77
44 70
44 79
45 91
46 70
46 61
47 57
47 86
49 56
50 75
50 83
50 54
51 67
52 68
52 75
53 64
54 83
54 75
54 69
56 87
57 85
59 71
61 70
62 72
66 74
68 75
70 77
70 79
72 76
73 78
75 83
77 79
81 82
82 84
89 91
