0 16
0 97
0 30
1 73
1 50
1 25
1 7
2 40
2 20
2 149
2 118
3 128
3 126
4 19
4 9
4 18
4 43
4 46
5 48
5 154
5 51
5 139
5 79
6 153
6 106
6 125
7 50
7 25
7 73
8 32
8 73
8 91
9 92
9 33
9 18
9 89
10 88
10 152
10 35
10 101
11 17
11 90
11 36
11 53
11 52
12 158
12 22
13 71
14 58
14 100
14 70
14 79
15 122
17 52
17 90
17 36
20 110
20 118
21 134
23 112
23 134
24 143
26 103
26 104
26 80
26 119
26 121
26 27
27 103
27 104
27 80
27 119
27 121
28 96
28 128
28 67
28 44
29 74
29 59
29 133
31 68
31 84
32 91
33 92
33 89
34 126
36 147
36 52
36 53
36 90
36 155
37 41
38 128
38 126
39 131
40 149
41 137
42 65
42 102
42 138
42 86
42 62
42 95
43 124
43 58
43 46
44 128
45 130
45 117
45 141
46 59
47 127
47 158
47 71
48 129
48 51
49 154
51 129
51 139
52 90
52 53
54 145
55 123
55 91
55 131
55 150
56 110
57 69
57 143
58 100
58 70
59 74
59 133
60 112
61 68
61 84
62 65
62 86
63 98
64 91
64 156
64 135
65 116
66 130
66 117
66 141
68 110
68 81
68 84
68 151
70 98
71 103
71 104
71 80
71 115
71 119
71 121
71 158
72 113
72 142
73 123
74 133
75 116
76 97
77 155
78 116
80 103
80 104
80 119
80 121
81 84
81 110
82 131
83 99
84 151
85 140
85 94
86 102
86 138
87 155
89 107
89 92
89 141
91 135
91 156
93 122
94 140
95 102
97 108
102 138
103 104
103 119
103 121
104 119
104 121
105 132
106 125
109 144
110 114
110 118
111 139
112 146
112 134
113 142
117 130
117 141
119 121
120 137
125 153
126 128
127 158
130 141
131 157
134 148
135 145
135 156
136 138
147 153
