0 2
0 39
0 76
0 50
0 51
0 30
1 50
1 13
2 37
2 39
2 9
2 76
2 50
2 51
2 31
3 88
3 25
3 86
4 64
5 13
6 40
6 65
6 13
6 9
7 31
7 51
7 39
8 41
8 42
8 11
8 35
9 39
9 13
9 51
9 30
10 12
11 41
11 87
12 93
13 50
14 16
15 99
15 22
17 36
17 47
17 56
17 18
17 19
17 24
18 24
18 19
18 36
18 47
20 90
20 92
21 33
21 98
21 83
21 85
21 23
21 91
22 66
22 99
22 67
22 55
22 61
23 42
23 91
25 108
25 86
26 66
26 101
26 61
27 57
28 81
28 61
29 104
29 44
30 50
31 39
31 51
32 48
32 62
32 94
33 98
33 83
34 95
35 41
35 42
37 76
38 105
38 78
39 51
41 42
41 87
43 75
43 53
44 109
45 106
46 54
46 103
48 62
48 94
49 58
49 60
50 76
52 108
53 97
53 107
53 82
53 75
53 63
54 77
54 103
55 99
57 104
58 60
59 80
59 89
61 110
63 82
64 68
64 97
64 69
64 72
66 99
67 99
68 72
68 70
69 72
69 107
69 97
71 94
73 93
73 79
74 81
74 90
74 92
75 100
75 86
77 103
78 105
78 95
78 102
78 103
80 89
84 109
87 95
87 103
90 92
95 103
96 100
97 107
102 105
102 103
