0 40
0 51
1 6
1 46
1 38
2 8
2 9
3 25
3 58
4 33
4 29
5 27
5 50
5 11
5 36
5 15
6 40
6 46
6 38
7 24
7 22
8 9
8 42
8 13
8 61
10 13
11 27
11 36
11 15
12 32
12 17
12 23
13 36
13 18
13 59
13 61
14 45
15 36
15 50
15 56
15 27
15 61
16 24
16 26
16 22
16 55
17 32
17 37
17 23
18 59
18 30
19 52
20 32
20 49
20 52
20 54
20 39
21 50
21 53
21 31
22 24
22 26
23 32
24 26
25 58
25 60
27 36
28 41
28 60
29 33
30 59
31 50
31 53
32 54
34 48
34 44
35 57
35 47
38 40
38 46
38 57
39 52
40 46
40 51
40 57
41 60
43 45
44 48
46 57
50 53
50 61
52 54
