0 49
0 54
0 14
0 70
1 24
2 9
3 64
3 66
3 35
3 12
3 16
3 53
4 18
4 26
4 43
4 29
5 26
5 43
6 58
7 56
7 73
8 9
8 75
8 35
8 73
9 75
10 27
10 25
10 43
11 20
11 15
12 35
13 43
13 21
13 62
14 49
14 54
14 47
15 20
15 52
15 37
15 59
16 66
16 53
17 41
18 74
18 43
18 29
18 62
19 73
19 44
20 64
20 37
20 52
20 60
21 43
22 46
23 34
23 74
23 61
24 51
24 36
24 73
25 27
25 43
26 43
27 43
28 33
28 44
28 49
29 43
30 32
31 42
31 67
31 71
32 64
34 74
36 73
36 51
37 52
37 59
38 61
39 56
39 73
39 51
39 54
40 69
40 55
42 67
42 71
44 73
44 49
45 68
45 62
46 72
48 50
49 54
50 60
51 73
51 56
51 54
52 57
53 66
54 65
54 73
54 56
55 69
56 73
60 64
61 74
62 74
63 71
67 71
