0 3
1 64
1 25
1 67
1 11
2 25
2 20
2 6
3 11
3 6
4 13
4 45
5 48
5 33
5 57
5 61
5 56
6 11
6 25
7 41
7 11
8 52
9 68
9 28
10 42
10 38
11 64
11 34
11 67
12 65
12 34
12 37
12 49
13 50
13 18
13 45
14 56
14 27
15 59
15 36
16 44
16 46
16 30
17 38
18 50
18 45
19 56
19 21
19 54
21 56
21 54
22 40
22 51
22 50
22 59
22 63
23 31
23 39
24 36
24 54
25 67
26 59
26 45
27 56
28 68
28 52
29 32
29 31
29 39
30 44
30 46
31 32
31 39
32 39
33 48
33 66
34 65
34 67
34 37
34 49
35 60
36 47
37 65
37 49
40 49
40 51
40 63
43 62
43 55
44 46
45 59
49 65
50 63
51 57
51 63
52 68
53 60
54 56
55 62
56 58
56 61
58 61
59 63
