0 119
0 6
0 7
1 20
2 80
2 83
2 4
2 54
3 48
3 90
3 51
4 80
4 56
4 78
4 54
5 120
5 9
5 62
5 46
6 42
6 119
7 89
7 119
8 20
9 120
9 31
9 46
9 13
10 113
10 75
10 44
10 53
11 40
12 97
12 39
12 87
12 23
12 60
12 61
13 46
13 31
14 113
15 32
15 26
15 82
16 58
16 91
17 106
17 109
18 33
18 115
19 24
19 112
20 76
20 104
21 117
22 25
22 50
23 97
23 39
23 87
23 60
23 61
24 65
24 107
24 112
24 113
24 56
26 82
27 64
27 65
27 34
27 57
27 111
28 72
28 117
28 63
29 45
30 38
30 70
30 102
31 59
31 46
31 77
33 115
34 64
34 65
35 75
35 53
36 90
36 70
36 86
37 95
37 47
38 102
38 70
39 60
39 61
40 81
41 98
41 68
41 77
41 103
43 116
43 47
44 53
45 85
46 52
46 59
46 62
47 110
47 55
47 92
47 95
49 83
51 90
52 92
52 105
52 59
52 100
53 75
54 80
54 83
55 110
56 65
56 107
56 78
56 80
56 113
57 111
58 91
59 77
60 61
63 72
63 76
63 117
64 99
64 65
65 113
65 107
66 70
66 86
67 97
68 98
68 77
68 103
69 96
69 94
69 71
70 102
70 86
71 96
71 94
72 117
73 79
74 114
75 113
75 101
76 104
77 98
77 103
78 80
78 107
78 113
80 117
84 114
84 118
87 97
88 93
90 108
92 110
93 115
94 96
98 103
100 105
106 109
107 113
112 113
114 118
