0 19
1 3
1 92
2 64
2 34
2 72
2 110
2 16
2 52
2 31
3 95
3 92
3 65
3 49
4 32
4 70
5 45
6 16
6 104
6 25
6 72
6 31
7 70
8 65
8 38
8 95
9 76
10 24
11 56
11 28
11 51
11 76
12 63
12 13
12 30
12 71
13 105
14 96
14 43
14 60
14 77
15 105
16 64
16 19
16 110
17 112
17 82
18 112
20 88
20 108
20 28
20 45
20 69
21 40
21 26
21 60
22 43
22 39
23 32
23 89
23 70
24 30
24 71
25 98
25 104
25 108
25 79
25 72
25 31
26 43
27 72
27 30
27 103
28 56
28 108
29 72
29 61
29 103
30 37
30 71
30 72
30 75
30 50
30 87
31 72
31 41
32 80
32 70
33 58
34 110
35 46
36 96
36 42
36 101
37 50
37 75
37 109
38 65
38 85
38 56
38 92
38 95
39 67
39 43
39 45
40 58
41 48
42 51
42 77
42 93
43 67
43 60
44 57
44 98
44 90
45 67
45 77
46 81
47 107
47 83
48 62
48 54
49 95
50 54
50 75
50 109
51 73
51 93
52 110
53 54
53 87
54 62
54 87
55 76
55 95
56 76
56 85
59 104
60 96
60 77
61 72
61 103
64 110
65 92
65 95
66 86
66 87
67 77
68 72
68 84
69 88
72 103
72 104
74 107
74 83
76 85
76 95
78 99
83 107
86 106
86 102
90 98
91 100
94 106
97 111
98 108
100 108
102 106
103 105
