0 40
0 31
1 28
1 22
2 20
2 21
2 47
3 72
3 34
3 12
3 26
4 45
4 6
5 50
5 70
6 19
6 35
6 45
7 80
7 43
7 15
8 57
8 42
9 65
9 53
9 63
10 66
10 76
11 17
11 33
13 81
13 76
14 41
14 54
15 80
16 27
16 74
16 75
16 78
17 33
18 36
18 29
18 38
18 55
19 49
19 35
20 65
20 21
20 47
21 48
21 36
21 69
22 79
23 77
23 46
24 31
25 56
25 73
25 58
26 32
26 34
27 57
27 74
27 75
27 78
29 49
29 36
29 55
30 32
31 67
33 35
36 48
36 69
37 77
39 52
42 57
43 68
44 53
46 82
46 59
46 77
47 65
48 69
49 55
50 70
51 73
51 74
51 78
52 64
55 60
55 62
56 58
59 82
60 62
61 66
61 70
64 80
66 76
66 70
71 72
73 74
73 78
74 75
74 78
75 78
76 81
