0 29
1 42
1 29
1 37
2 17
2 47
3 43
3 35
3 61
4 9
4 38
4 55
5 44
6 33
6 55
7 16
7 58
7 19
8 18
8 20
10 54
11 38
11 55
12 22
13 15
13 49
13 50
13 53
13 57
13 58
14 59
15 49
15 50
15 53
15 57
15 58
17 31
18 20
18 39
19 55
19 38
21 38
21 55
22 52
22 29
23 33
24 36
24 54
25 46
25 54
26 49
26 58
26 60
27 55
28 48
28 46
29 33
29 42
29 52
30 34
32 42
32 51
33 55
33 52
37 42
38 55
40 61
41 62
41 47
43 61
44 55
45 48
45 56
45 46
46 56
49 50
49 53
49 57
49 58
50 53
50 57
50 58
51 59
53 57
53 58
57 58
57 59
58 59
