0 1
0 61
1 36
2 68
2 41
2 44
2 45
2 50
2 20
2 21
3 18
3 13
3 71
4 57
4 60
5 40
5 25
5 27
5 23
5 39
6 12
6 70
7 65
7 10
7 11
8 15
9 73
9 43
9 62
9 46
9 17
10 73
11 73
11 65
12 70
13 24
13 72
13 14
13 41
14 72
14 41
14 42
14 24
16 19
16 37
17 64
17 62
18 32
18 71
20 68
20 41
20 44
20 45
20 50
20 21
20 55
21 68
21 41
21 44
21 45
21 50
22 26
22 69
23 27
24 72
24 41
24 52
25 40
25 53
25 39
25 69
26 69
28 59
29 33
29 58
29 63
30 58
31 57
32 51
33 58
33 63
34 38
35 38
37 48
39 40
41 68
41 72
41 44
41 45
41 50
43 62
43 46
43 73
44 68
44 45
44 50
45 68
45 50
47 54
49 61
50 68
50 55
53 69
54 73
56 72
57 60
58 63
62 73
66 69
67 69
