0 73
0 26
0 21
0 6
0 15
1 25
2 64
2 70
2 80
2 19
2 56
2 62
3 48
3 53
4 59
4 37
5 81
5 47
5 44
5 71
6 26
6 21
6 15
7 74
7 50
8 65
8 60
9 66
9 41
9 14
9 51
9 57
9 25
10 82
10 61
10 63
11 77
11 54
12 50
13 32
13 23
14 66
14 67
14 57
16 56
17 35
17 69
17 30
17 55
18 75
18 45
18 39
19 64
19 56
19 78
20 72
20 36
20 76
21 73
21 26
22 84
22 68
23 32
24 42
24 55
25 66
25 29
26 73
27 35
27 69
28 31
30 69
30 62
30 55
31 58
31 34
31 45
32 79
33 48
33 79
34 52
34 83
34 36
35 68
35 69
35 55
36 72
36 76
37 59
38 50
39 79
40 81
41 51
41 57
42 55
43 52
43 45
45 52
45 58
46 49
46 55
47 81
47 71
48 53
48 79
49 84
49 69
49 55
51 57
52 83
54 77
55 68
55 69
55 84
56 64
56 78
57 67
60 65
61 82
62 80
66 67
68 84
69 84
70 80
71 81
72 76
