0 42
0 5
0 15
1 3
1 75
1 18
1 47
1 39
2 26
2 59
3 75
3 47
4 34
4 19
4 74
4 38
5 52
5 22
6 65
6 20
7 55
8 15
9 73
9 27
9 12
9 69
10 56
10 41
10 67
10 49
11 72
11 70
12 75
12 27
12 46
12 73
13 32
13 43
13 30
14 19
16 40
16 57
16 50
16 35
17 23
17 65
17 31
17 63
18 47
18 39
19 34
19 74
21 44
22 52
23 63
24 32
25 44
26 59
26 28
27 73
28 37
29 52
29 54
29 71
30 43
30 51
31 58
31 65
32 43
32 37
33 61
33 53
34 74
34 38
35 40
35 50
35 57
36 44
39 62
39 47
40 57
40 50
41 64
41 49
41 55
45 66
45 53
46 75
47 75
48 75
49 64
50 57
53 61
53 66
53 73
54 71
55 64
56 67
60 61
68 70
70 72
