0 56
0 9
0 42
0 35
1 17
1 39
2 65
2 53
3 14
4 11
4 73
4 19
4 64
4 15
5 64
5 34
5 36
6 58
7 67
7 46
8 28
9 56
9 42
9 35
9 69
10 66
10 77
10 78
10 81
10 20
10 31
11 64
11 73
12 74
13 33
13 29
13 45
13 55
14 57
14 23
15 59
16 43
16 51
16 52
18 65
18 82
18 54
19 64
20 66
20 77
20 81
20 21
20 27
21 27
22 80
22 25
22 44
23 46
24 76
24 62
25 80
25 44
26 41
28 49
28 34
28 60
28 31
29 75
29 55
29 45
30 58
30 63
31 60
31 78
31 33
32 48
34 49
34 36
35 42
35 69
35 56
36 49
36 43
36 71
37 68
37 38
37 46
37 63
38 68
38 46
40 76
42 69
42 56
43 52
43 51
44 80
45 75
45 55
45 70
46 67
46 68
47 72
49 71
50 72
50 65
50 67
50 79
51 52
53 56
53 65
58 63
61 80
62 76
64 73
65 82
66 81
66 77
70 75
72 79
77 81
