0 7
1 110
1 91
1 13
1 118
2 32
2 122
2 44
2 53
2 54
3 108
4 64
4 82
4 92
5 112
5 98
5 71
5 66
5 31
6 21
7 22
8 32
8 53
8 55
9 115
9 36
10 27
11 15
11 67
11 58
11 111
11 39
12 28
13 91
13 110
13 118
14 67
14 58
14 15
14 39
15 67
15 58
16 115
17 62
17 78
17 47
18 20
18 71
19 24
19 68
20 42
20 61
20 125
20 71
21 123
21 85
21 47
22 123
22 77
23 97
23 69
23 70
23 74
23 79
23 81
23 24
23 25
23 124
23 29
24 97
24 70
24 81
24 25
24 124
25 81
25 30
25 70
26 56
26 34
26 37
28 40
29 97
29 69
29 74
29 79
29 80
29 124
30 81
30 119
31 112
31 66
31 98
31 71
32 44
32 53
32 55
33 105
33 83
33 43
33 76
33 113
35 90
36 57
37 56
37 42
38 51
38 52
38 45
38 63
39 75
39 58
41 53
42 89
42 109
42 57
43 64
43 105
43 76
43 113
43 83
44 122
46 52
46 87
47 62
48 84
49 60
49 92
50 103
50 95
51 121
51 106
52 106
52 87
53 55
54 121
54 106
54 101
54 126
56 94
57 89
57 115
58 67
59 104
59 78
60 120
60 92
60 65
61 125
65 120
65 123
69 74
72 94
73 101
76 113
76 105
77 94
79 97
79 124
80 114
80 99
81 97
81 124
82 92
83 113
84 99
84 100
84 102
86 115
86 93
86 94
88 97
88 124
90 109
91 110
91 118
95 103
96 123
97 124
98 112
101 106
101 126
101 121
104 117
105 113
106 121
106 126
107 116
108 113
110 118
121 126
