0 4
0 38
0 7
1 52
1 6
2 20
2 62
3 21
4 66
4 52
4 21
4 61
5 21
7 38
8 57
9 30
10 15
10 59
10 47
11 29
12 49
12 54
12 63
13 64
13 17
13 59
13 47
13 56
14 56
14 50
16 33
16 44
16 18
16 20
16 53
16 56
16 28
17 64
17 59
17 47
18 33
18 44
18 20
18 53
18 28
19 27
20 33
20 44
20 53
20 28
21 66
21 31
22 65
22 67
22 36
22 45
23 40
23 62
24 66
24 61
25 54
25 63
26 43
26 51
28 33
28 44
28 53
29 51
30 34
32 67
32 46
33 44
33 53
34 61
35 43
35 54
36 45
37 61
39 43
40 62
41 42
42 58
42 67
42 55
43 51
44 53
45 62
47 56
47 59
48 67
50 60
54 63
55 67
55 58
58 67
61 66
