DL
N=11 NM=5
LABELS:
"A","D","E","F*","G","H*","J*","K","M","N*","O*"
LEVEL LABELS:
"talk"
"interfere"
"watch"
"imitate"
"cooperate"
DATA:
  0  5  2  1  0  0  0 15  1  0  0
  4  0  2  1  0  2  0  1  1  0  0
  3  4  0  3  0  0  1  4  4  1  4
  0  0  3  0  2  0  2  0  3  2 11
  2  0  1  1  0  2  0  5  3  0  2
  0  2  0  0  0  0  0  0  0  1  0
  4  0 16  0  0  0  0  1 20  7  9
  5  2  2  3  4  0  1  0 20  2  3
  0  3  3  1  2  0  0  8  0  3  7
  2  1  3  5 10  1 10  8  6  0 18
  1  1  4 11  0  1  4  3 65 25  0
  0  0  3  1  0  0  1  5  0  1  1
  0  0  1  1  0  2  0  2  1  1  0
  6  7  0 12  1  2  5  7  5  7  5
  0  1  2  0  2  0  0  0  3  0  2
  0  2  1  0  0  3  0  2  5  4  4
  0  2  3  0  3  0  0  0  1  0  0
  3  1  6  2  0  0  0  2  3  1  0
  2  1  3  1  2  0  2  0  6  1  1
  0  1  0  2  0  0  0  1  0  0  3
  4  2  4  8  2  0  0  0  0  0  2
  1  1  0  1  2  0  1  2  7  3  0
  0  0  1  1  0  0  1  1  0  0  1
  1  0  1  3  0  1  1  5  5  0  6
  0  2  0  0  0  0  1  1  3  0  2
  0  1  1  0  0  0  0  0  2  0  6
  0  2  0  1  0  0  1  2  1  0  3
  1  2  2  3  3  0  0  5  4  4  0
  1  0  0  0  0  0  0  1  2  2  3
  0  0  0  0  0  0  0  0  0  0  0
  0  0  0  0  0  0  0  0  0  0  4
  5  2  0  1  0  0  0  0  1  0  3
  1  0  2  1  0  0  0  0  1  0  0
  0  1  1  0  0  0  0  3  0  0  0
  2  0  3  0  2  0  0  2  0  0  0
  0  1  0  1  0  1  3  0  3  1  2
  0  0  0  0  2  1  1  0  0  2  3
  0  0  0  1  0  0  0  0  2  0  0
  0  0  0  0  0  0  0  1  1  0  0
  0  0  0  0  0  0  0  0  0  1  1
  1  0  0  0  0  0  0  0  0  0  1
  0  0  0  1  1  0  1  0  0  0 18
  0  0  0  0  0  0  0  1  1  0  2
  0  0  0  0  0  0  0  0  1  0  0
  0  0  0  0  0  0  0  3  0  0  0
  0  0  1  1  0  2  0  4  0  0  0
  0  0  0  0  0  0  0  0  0  1  1
  0  0  0  0  0  0  0  0  0  0  1
  0  0  0  0  0  0  0  2  2  0  1
  0  1  0  0  0  0  0  0  0  0  1
  0  0  0  0  0  0  0  0  0  0  0
  1  0  0  0  3  0  0  0  5  1  0
  0  0  0  0  0  0  0  1  0  0  9
  0  0  0  0  1  0  1  0  0  0  0
  0  1  0  0  0  0  0  0  3  0  0