DL
N=10
NM=2
FORMAT=FULLMATRIX
MATRIX LEVEL:
greeting
grooming
LABELS:
DI
JP
MR
TH
VC
BC
CP
MC
CR
CS
DATA:
0 0 0 0 0 0 1 0 0 0
0 0 0 0 0 0 0 0 0 0
4 0 0 0 5 0 0 1 2 0
3 0 4 0 2 0 0 3 0 0
6 0 5 6 0 0 0 0 1 0
3 2 2 1 1 0 1 1 2 1
1 0 0 0 0 2 0 0 0 0
1 0 10 6 3 0 0 0 2 0
5 1 1 6 3 3 3 10 0 5
3 3 9 20 8 3 0 3 4 0
0 0 2 0 0 1 0 0 0 0
0 0 0 2 3 0 0 2 0 0
3 4 0 2 1 0 1 1 0 1
0 6 3 0 2 3 0 2 0 1 
1 6 1 4 0 2 1 1 0 2
2 2 1 0 0 0 3 1 2 0
2 4 2 2 1 0 0 1 1 1
1 5 5 4 0 1 1 0 2 1
3 1 1 0 1 0 0 1 0 0
3 3 0 5 3 0 3 2 0 0