DL
N=24 NM=5
TITLE = "<NONE>"
FORMAT = FULLMATRIX DIAGONAL PRESENT
ROW LABELS:
"ALGERIA"
"ARGENTINA"
"BRAZIL"
"CHINA"
"CZECHOSLOVAKIA"
"ECUADOR"
"EGYPT"
"ETHIOPIA"
"FINLAND"
"HONDURAS"
"INDONESIA"
"ISRAEL"
"JAPAN"
"LIBERIA"
"MADAGASCAR"
"NEW_ZEALAND"
"PAKISTAN"
"SPAIN"
"SWITZERLAND"
"SYRIA"
"THAILAND"
"UNITED_KINGDOM"
"UNITED_STATES"
"YUGOSLAVIA"
COLUMN LABELS:
"ALGERIA"
"ARGENTINA"
"BRAZIL"
"CHINA"
"CZECHOSLOVAKIA"
"ECUADOR"
"EGYPT"
"ETHIOPIA"
"FINLAND"
"HONDURAS"
"INDONESIA"
"ISRAEL"
"JAPAN"
"LIBERIA"
"MADAGASCAR"
"NEW_ZEALAND"
"PAKISTAN"
"SPAIN"
"SWITZERLAND"
"SYRIA"
"THAILAND"
"UNITED_KINGDOM"
"UNITED_STATES"
"YUGOSLAVIA"
LEVEL LABELS:
"MANUFACTURED_GOODS"
"FOODS"
"CRUDE_MATERIALS"
"MINERALS"
"DIPLOMATIC_EXCHANGE"
DATA:
 0 0 0 1 1 0 0 0 0 0 0 0 1 0 0 0 0 0 0 0 0 0 0 1
 1 0 1 1 0 1 0 0 1 0 1 1 1 0 0 0 1 1 1 0 1 0 1 0
 1 1 0 1 1 1 1 0 1 1 1 1 1 1 0 1 1 1 1 1 1 1 1 1
 1 1 1 0 1 0 1 1 1 1 1 0 1 1 1 1 1 1 1 1 1 1 1 1
 1 1 1 1 0 1 1 1 1 1 1 0 1 1 0 1 1 1 1 1 1 1 1 1
 0 0 1 0 0 0 0 0 0 0 0 0 0 0 0 0 0 0 0 0 0 0 1 0
 0 0 0 0 1 0 0 1 1 0 0 0 1 0 0 0 0 1 1 0 0 1 1 1
 0 0 0 0 0 0 0 0 0 0 0 0 0 0 0 0 0 1 0 0 0 1 0 0
 1 1 1 1 1 1 1 1 0 1 1 1 1 0 0 1 1 1 1 1 1 1 1 1
 0 0 0 0 0 0 0 0 0 0 0 0 0 0 0 0 0 0 0 0 0 0 1 0
 1 0 0 1 1 0 1 0 1 0 0 0 1 0 0 1 1 1 1 0 1 1 1 1
 0 1 0 0 0 0 0 1 1 0 0 0 1 0 0 1 0 1 1 0 1 1 1 1
 1 1 1 1 1 1 1 1 1 1 1 1 0 1 1 1 1 1 1 1 1 1 1 1
 0 0 0 0 0 0 0 0 0 0 0 0 0 0 0 0 0 0 0 0 0 0 0 0
 0 0 0 0 0 0 0 0 0 0 0 0 0 0 0 0 0 0 0 0 0 1 0 0
 1 0 0 1 0 0 1 0 0 0 1 0 1 0 0 0 1 1 0 0 1 1 1 1
 0 0 0 1 1 0 0 0 1 0 1 0 1 1 0 1 0 1 1 1 1 1 1 0
 1 1 1 1 1 1 1 0 1 1 1 1 1 1 1 1 1 0 1 1 1 1 1 1
 1 1 1 1 1 1 1 1 1 1 1 1 1 1 1 1 1 1 0 1 1 1 1 1
 0 0 0 0 0 0 0 0 0 0 0 0 0 0 0 0 0 0 0 0 0 0 0 0
 0 0 1 1 0 0 0 0 1 0 1 1 1 0 0 1 1 1 1 1 0 1 1 1
 1 0 1 1 1 1 1 1 1 1 1 1 1 1 1 1 1 1 1 1 1 0 1 1
 1 1 1 1 1 1 1 1 1 1 1 1 1 1 1 1 1 1 1 1 1 1 0 1
 1 1 0 1 1 0 1 1 1 0 1 1 1 0 0 1 1 1 1 1 1 1 1 0
 0 0 0 0 0 0 0 0 0 0 0 0 0 0 0 0 0 1 0 0 0 0 0 0
 1 0 1 0 1 1 1 0 1 0 1 1 1 0 0 1 1 1 1 1 1 0 1 1
 1 1 0 1 1 0 1 0 1 0 1 1 1 1 0 1 1 1 1 1 1 1 1 1
 1 0 0 0 1 0 1 0 1 0 1 0 1 1 0 1 1 1 1 1 1 1 1 0
 0 0 1 0 0 0 1 0 1 0 0 0 1 0 0 0 0 1 1 1 1 1 1 1
 0 1 1 0 1 0 0 0 1 0 0 0 1 0 0 1 0 1 1 0 0 1 1 1
 1 0 0 0 1 0 0 0 1 0 1 1 0 0 0 0 0 0 1 0 0 1 1 0
 0 0 0 0 1 0 0 0 1 0 0 1 1 0 0 0 0 1 1 0 0 1 1 0
 1 0 0 0 1 0 1 0 0 0 1 1 1 0 0 0 0 1 1 1 1 1 1 1
 0 0 0 0 1 0 1 0 1 0 0 1 1 0 0 0 0 1 1 1 0 1 1 1
 1 0 0 1 1 0 1 0 1 0 0 0 1 0 0 1 1 1 1 0 1 1 1 1
 0 1 1 0 0 0 1 0 1 0 0 0 1 0 0 1 0 1 1 0 1 1 1 1
 0 0 0 1 1 0 1 0 1 1 1 1 0 1 1 1 1 1 1 1 1 1 1 0
 0 0 0 0 0 0 0 0 0 0 0 0 0 0 0 0 1 1 0 0 0 0 1 0
 0 0 0 0 0 0 0 0 1 0 0 0 1 0 0 0 0 1 1 0 0 0 1 0
 1 0 0 1 0 1 1 0 1 1 1 0 1 0 0 0 1 1 1 1 1 1 1 0
 1 0 0 0 1 0 0 0 1 0 1 0 1 0 0 1 0 0 1 0 0 1 1 0
 1 1 1 1 1 1 1 0 1 1 1 1 1 1 0 1 0 0 1 1 1 1 1 1
 1 1 1 1 1 0 1 1 1 0 1 1 1 1 1 1 1 1 0 1 1 1 1 1
 1 0 0 0 0 0 1 0 0 0 0 0 0 0 0 0 1 0 0 0 0 0 0 0
 1 0 0 1 1 1 1 0 1 0 1 1 1 0 1 1 1 1 1 1 0 1 1 0
 1 0 1 1 1 0 1 1 1 1 1 1 1 1 1 1 1 1 1 1 1 0 1 1
 1 1 1 1 1 1 1 1 1 1 1 1 1 1 1 1 1 1 1 1 1 1 0 1
 1 0 1 1 1 0 1 0 1 0 0 1 1 0 0 0 0 1 1 1 0 1 1 0
 0 0 0 1 1 0 0 0 1 0 1 0 0 0 0 0 0 1 0 0 0 0 0 1
 1 0 1 1 1 1 0 0 1 0 1 1 1 0 0 0 0 1 1 0 1 0 1 1
 1 1 0 1 1 1 1 0 1 0 1 1 1 0 1 1 1 1 1 0 1 1 1 1
 0 1 0 0 1 0 1 1 1 0 1 0 1 0 0 1 1 1 1 0 1 1 1 1
 0 0 0 0 0 0 1 0 1 0 0 0 0 0 0 0 0 1 1 1 0 1 0 1
 0 0 0 0 0 0 0 0 1 0 0 0 0 0 0 0 0 0 0 0 0 1 1 0
 1 0 0 1 1 0 0 0 1 0 1 1 1 0 0 0 1 1 1 0 1 1 1 1
 1 0 0 0 1 0 1 0 0 0 0 1 1 0 0 0 0 1 1 1 0 1 1 0
 1 1 0 1 1 1 1 0 0 0 1 1 1 0 0 1 1 1 1 0 1 1 1 1
 0 0 0 0 1 0 0 0 0 0 0 0 1 0 0 0 0 1 1 0 0 1 1 1
 0 0 0 1 1 0 0 0 1 0 0 0 1 0 0 1 1 1 1 0 1 1 1 1
 0 1 0 0 0 1 0 0 1 0 0 0 0 0 0 0 0 1 1 0 0 1 1 1
 1 1 1 1 1 1 1 1 1 0 1 1 0 0 0 1 1 1 1 1 1 1 1 1
 0 0 0 0 0 0 1 0 0 0 0 1 1 0 0 0 1 1 1 1 0 1 1 1
 0 0 0 0 0 0 0 0 0 0 0 0 1 0 0 0 0 1 0 0 0 1 1 0
 1 1 0 1 1 0 1 0 1 0 1 1 1 0 0 0 1 1 1 1 1 1 1 1
 0 0 0 1 1 0 0 0 0 0 1 0 1 0 0 0 0 1 1 0 1 1 1 0
 1 1 1 1 0 1 1 0 1 1 1 1 1 0 0 1 1 0 1 1 1 1 1 1
 1 1 1 1 1 1 1 0 1 0 1 1 1 0 0 1 1 1 0 1 1 1 1 1
 1 0 0 0 1 0 0 0 0 0 0 0 1 0 0 0 0 1 0 0 0 1 0 1
 0 0 0 1 1 0 1 0 1 0 1 1 1 0 0 1 1 1 1 0 0 1 1 1
 1 0 1 1 1 1 1 1 1 0 1 1 1 1 0 1 1 1 1 1 1 0 1 1
 1 1 1 1 1 1 1 1 1 1 1 1 1 1 1 1 1 1 1 1 1 1 0 1
 1 0 0 1 1 0 1 1 0 0 0 1 1 0 0 0 1 1 1 1 1 1 1 0
 0 0 1 0 0 0 1 0 0 0 0 0 1 0 0 0 0 1 1 1 0 1 1 1
 0 0 1 0 0 0 0 0 0 0 0 0 0 0 0 0 0 1 0 0 0 0 1 0
 1 1 0 0 0 1 0 0 0 0 0 0 0 1 0 0 0 0 0 0 0 1 1 0
 0 0 1 0 0 0 1 0 1 0 1 0 1 0 1 1 1 1 0 0 1 0 1 0
 0 0 0 0 0 0 0 0 0 0 0 0 0 0 0 0 0 0 1 0 0 0 0 1
 0 0 0 0 0 0 0 0 0 0 0 0 0 0 0 0 0 0 0 0 0 0 1 0
 0 0 0 0 0 0 0 0 0 0 0 0 1 0 0 0 0 1 0 0 0 1 1 1
 0 0 0 0 0 0 0 0 0 0 0 0 0 0 0 0 0 0 0 0 0 0 0 0
 0 0 0 0 0 0 0 0 0 0 0 1 0 0 0 0 0 1 0 0 0 1 1 0
 0 0 0 0 0 0 0 0 0 0 0 0 0 0 0 0 0 0 0 0 0 0 0 0
 0 0 0 0 0 0 0 0 0 0 0 0 1 0 0 1 0 1 0 0 1 1 1 0
 0 0 0 0 0 0 1 0 0 0 0 0 0 0 0 0 0 0 0 0 0 0 0 0
 1 1 1 1 0 1 1 0 0 1 1 0 0 0 0 1 1 1 0 0 1 1 1 0
 0 0 0 0 0 0 1 0 0 0 0 0 0 0 0 0 0 0 0 0 0 0 0 1
 0 0 0 0 0 0 0 0 0 0 0 0 0 0 0 0 0 0 0 0 0 0 0 0
 0 0 0 0 0 0 0 0 0 0 0 0 1 0 0 0 0 0 0 0 0 0 0 0
 0 0 0 0 0 0 0 0 0 0 0 0 0 0 0 0 0 0 0 0 1 0 0 0
 1 1 0 0 0 0 1 0 1 0 0 0 0 1 1 0 1 0 0 1 0 1 1 1
 0 0 0 0 1 0 0 0 0 0 1 1 0 1 0 0 0 0 0 0 0 1 0 1
 0 0 0 0 0 0 0 0 0 0 0 0 0 0 0 0 0 1 0 0 0 1 0 0
 0 0 0 0 0 0 0 0 0 0 0 0 0 0 1 0 0 0 0 0 0 0 1 0
 1 0 1 1 1 1 1 1 1 0 1 1 0 1 0 1 1 1 1 1 1 0 1 1
 1 1 1 1 0 1 1 1 1 1 1 1 1 1 1 1 1 1 1 1 1 1 0 1
 1 0 0 0 1 0 0 0 0 0 0 1 0 0 0 0 0 1 1 1 0 0 1 0
 0 1 1 1 1 0 0 1 0 0 1 0 1 1 1 0 1 1 1 1 0 1 1 1
 1 0 1 1 1 1 1 1 1 1 1 1 1 0 0 0 1 1 1 1 1 0 1 1
 1 1 0 1 1 1 1 0 1 1 1 1 1 0 0 0 1 1 1 1 1 1 1 1
 1 1 1 0 1 1 1 1 1 1 0 0 1 1 1 1 1 1 1 1 1 1 1 1
 1 1 1 1 0 1 1 1 1 0 1 0 1 0 0 1 1 1 1 1 0 1 1 1
 0 0 1 1 1 0 1 0 0 1 0 1 1 0 0 0 0 1 1 0 0 1 1 1
 0 1 1 1 1 1 0 1 1 0 1 0 1 1 1 1 1 1 1 0 1 1 1 1
 0 0 0 1 0 0 1 0 0 0 0 0 1 1 0 0 0 0 0 0 0 1 1 1
 1 1 1 1 1 0 1 1 0 0 1 1 1 0 0 0 0 1 1 0 1 1 1 1
 0 1 1 0 0 1 0 0 0 0 0 0 1 0 0 0 0 1 0 0 0 1 1 0
 1 1 1 0 1 0 1 1 1 0 0 0 1 0 1 1 1 1 1 1 1 1 1 1
 0 1 1 0 0 1 1 0 1 1 0 0 1 1 0 1 0 0 1 0 1 1 1 0
 1 1 1 1 1 1 1 1 1 1 1 1 0 1 1 1 1 1 1 1 1 1 1 1
 0 0 0 1 0 0 1 1 0 0 0 0 1 0 0 0 0 0 0 0 0 1 1 0
 1 0 0 1 0 0 0 0 0 0 0 0 1 0 0 0 0 0 0 0 0 0 1 0
 0 0 0 1 0 0 0 0 0 0 1 0 1 0 0 0 0 0 0 0 1 1 1 0
 1 1 1 1 0 0 1 0 0 0 1 0 1 0 0 0 0 1 1 1 1 1 1 1
 1 1 1 1 1 1 1 1 1 1 1 0 1 1 0 0 1 0 1 1 1 1 1 1
 1 1 1 1 1 1 1 1 1 0 1 1 1 1 1 1 1 1 0 1 1 1 1 1
 1 1 1 1 1 0 0 0 0 0 1 0 1 0 0 0 1 1 0 0 0 1 1 1
 0 1 1 1 0 0 1 0 0 0 1 0 1 0 0 1 1 1 1 0 0 1 1 1
 1 0 1 1 1 1 1 1 1 1 1 1 1 1 1 1 1 1 1 1 1 0 1 1
 1 1 1 1 1 1 1 1 1 1 1 1 1 1 1 1 1 1 1 1 1 1 0 1
 1 1 1 1 1 1 1 1 1 0 1 0 1 0 0 1 1 1 1 1 1 1 1 0
