1 0
1 2
2 3
4 3
4 5
5 8
6 8
7 8
8 7
8 4
8 9
8 16
9 13
9 16
10 11
10 15
13 15
14 15
15 9
15 12
15 14
15 16
16 18
16 21
16 24
16 35
17 8
19 27
20 16
21 30
21 42
21 35
22 14
26 20
26 28
27 16
27 36
27 49
27 37
28 16
28 25
28 27
28 29
28 35
28 35
28 36
28 39
31 21
31 34
31 35
33 23
33 42
35 30
35 39
35 44
35 45
38 47
39 35
39 45
39 35
40 39
41 21
41 42
41 44
42 32
42 33
43 41
44 35
45 35
45 39
45 56
45 61
45 52
45 35
45 35
45 40
45 44
45 63
46 45
49 46
49 27
49 47
49 48
49 58
49 58
49 67
49 59
49 72
49 64
49 60
49 45
49 45
50 56
51 45
52 45
53 43
55 61
56 45
56 50
57 58
58 49
60 45
62 54
63 61
63 45
63 74
64 73
64 71
65 70
65 67
66 58
67 49
67 69
68 67
69 67
70 59
73 64
75 60
