0 593
1 1615
2 344
3 345
4 346
5 347
6 340
7 341
8 342
9 343
10 348
11 349
12 1296
13 2318
14 2319
15 2316
16 2317
17 2314
18 2315
19 2312
20 2313
21 2310
22 2311
23 298
24 299
25 296
26 297
27 294
28 295
29 292
30 293
31 290
32 291
33 587
34 2147
35 270
36 271
37 272
38 273
39 274
40 275
41 276
42 277
43 278
44 279
45 738
46 1780
47 2146
48 2268
49 2269
50 1132
51 2262
52 2263
53 2260
54 2261
55 2266
56 2267
57 2264
58 2265
59 2442
60 2443
61 2440
62 2441
63 2446
64 2447
65 2444
66 1004
67 1137
68 2448
69 2449
70 108
71 109
72 102
73 103
74 100
75 101
76 106
77 107
78 104
79 105
80 2046
81 2047
82 2044
83 2045
84 2042
85 2043
86 2040
87 2041
88 2048
89 2049
90 1373
91 1372
92 1210
93 1375
94 2688
95 2689
96 2684
97 2685
98 2686
99 2687
100 2680
101 2681
102 2682
103 2683
104 99
105 98
106 91
107 90
108 93
109 92
110 95
111 94
112 97
113 96
114 1623
115 1990
116 1993
117 1992
118 1995
119 1994
120 1997
121 1996
122 1999
123 1998
124 1629
125 1628
126 2860
127 2861
128 2862
129 2863
130 559
131 2865
132 2866
133 2867
134 555
135 2869
136 557
137 556
138 551
139 550
140 553
141 552
142 2744
143 1439
144 1199
145 1198
146 1365
147 1191
148 1190
149 1193
150 1192
151 1195
152 1194
153 1197
154 1196
155 1759
156 1758
157 1757
158 1756
159 1755
160 1754
161 1753
162 1752
163 1751
164 1750
165 1177
166 1176
167 1175
168 1174
169 1173
170 1172
171 1171
172 1170
173 1179
174 1178
175 1007
176 1006
177 513
178 1285
179 1284
180 1287
181 1286
182 1281
183 1280
184 1283
185 1282
186 515
187 1289
188 1288
189 514
190 1579
191 1578
192 689
193 517
194 685
195 684
196 687
197 686
198 681
199 680
200 683
201 682
202 623
203 1349
204 1225
205 873
206 1224
207 1223
208 1222
209 2037
210 625
211 2036
212 1793
213 624
214 2035
215 407
216 1340
217 405
218 404
219 403
220 1374
221 1377
222 400
223 1379
224 1378
225 1342
226 409
227 408
228 1343
229 2747
230 1344
231 2192
232 2030
233 1345
234 9
235 1346
236 2748
237 457
238 1018
239 379
240 516
241 371
242 370
243 373
244 2038
245 375
246 374
247 377
248 376
249 1019
250 393
251 392
252 391
253 390
254 397
255 396
256 395
257 394
258 399
259 398
260 895
261 2309
262 2308
263 2301
264 2300
265 2303
266 2302
267 2305
268 2304
269 2307
270 2306
271 1246
272 245
273 244
274 247
275 246
276 241
277 240
278 243
279 242
280 249
281 248
282 2275
283 2274
284 2277
285 2276
286 2271
287 2270
288 2273
289 2272
290 2279
291 2278
292 2459
293 2458
294 2455
295 2454
296 2457
297 2456
298 2451
299 2450
300 2453
301 2452
302 179
303 178
304 177
305 176
306 175
307 174
308 2199
309 172
310 171
311 170
312 2051
313 1502
314 2053
315 2052
316 2055
317 2054
318 2057
319 2056
320 2059
321 2058
322 654
323 1501
324 1226
325 652
326 1507
327 1504
328 1505
329 2157
330 1601
331 2699
332 2698
333 2697
334 2696
335 2695
336 2694
337 2693
338 2692
339 2691
340 2690
341 2405
342 1974
343 1605
344 1972
345 1607
346 1606
347 1968
348 1969
349 1618
350 1619
351 1616
352 1617
353 1614
354 1967
355 1960
356 1613
357 1610
358 1611
359 2153
360 1768
361 1769
362 1762
363 1763
364 1760
365 1761
366 1766
367 1767
368 1764
369 1765
370 1142
371 1143
372 1140
373 1141
374 1146
375 1147
376 1144
377 1145
378 1148
379 1149
380 692
381 1547
382 1544
383 691
384 1542
385 697
386 1540
387 695
388 698
389 699
390 1548
391 1549
392 542
393 543
394 540
395 541
396 546
397 547
398 544
399 545
400 548
401 549
402 1782
403 1783
404 766
405 1785
406 1786
407 2388
408 1787
409 414
410 415
411 416
412 417
413 1388
414 411
415 412
416 413
417 1384
418 1385
419 1386
420 1387
421 1380
422 1381
423 1382
424 1383
425 1254
426 2445
427 368
428 369
429 366
430 367
431 364
432 365
433 362
434 363
435 360
436 361
437 380
438 381
439 382
440 383
441 384
442 385
443 386
444 387
445 388
446 389
447 900
448 2190
449 2191
450 258
451 2193
452 2194
453 2195
454 2196
455 2197
456 2198
457 253
458 250
459 251
460 256
461 257
462 254
463 255
464 2200
465 2201
466 2202
467 2203
468 2204
469 2205
470 2206
471 2207
472 2208
473 2209
474 2433
475 2428
476 2429
477 2420
478 2421
479 2422
480 2423
481 2424
482 2425
483 2426
484 2427
485 1848
486 168
487 169
488 164
489 165
490 166
491 167
492 160
493 161
494 162
495 163
496 2518
497 2519
498 2514
499 2515
500 2516
501 2517
502 2510
503 908
504 2512
505 2513
506 2734
507 2735
508 2736
509 2737
510 2730
511 2731
512 2732
513 2733
514 2738
515 2739
516 1090
517 609
518 1091
519 1814
520 1815
521 1816
522 1817
523 1810
524 1811
525 1812
526 1813
527 1818
528 1819
529 1107
530 921
531 670
532 1087
533 671
534 1609
535 1608
536 1979
537 1978
538 1977
539 1600
540 1603
541 1602
542 1973
543 1604
544 1971
545 1970
546 809
547 808
548 803
549 802
550 801
551 800
552 807
553 806
554 805
555 804
556 2848
557 2849
558 2846
559 1102
560 2844
561 2845
562 2842
563 2843
564 2840
565 2841
566 909
567 1775
568 1774
569 1777
570 1776
571 1771
572 1770
573 1773
574 1772
575 1779
576 1778
577 1159
578 1158
579 1155
580 1154
581 1157
582 1156
583 1151
584 1150
585 1153
586 1152
587 59
588 1554
589 1551
590 1550
591 1553
592 1552
593 1555
594 58
595 1557
596 1556
597 1559
598 1558
599 57
600 56
601 51
602 50
603 53
604 52
605 537
606 55
607 535
608 534
609 533
610 532
611 531
612 530
613 539
614 538
615 1976
616 2805
617 1975
618 536
619 429
620 428
621 1399
622 1398
623 1397
624 420
625 423
626 1394
627 425
628 424
629 427
630 426
631 853
632 1443
633 2183
634 2182
635 2181
636 2180
637 2187
638 2186
639 229
640 2184
641 227
642 226
643 2189
644 2188
645 223
646 222
647 221
648 220
649 2213
650 2212
651 2211
652 2210
653 2217
654 2216
655 2215
656 2214
657 2219
658 2218
659 54
660 151
661 150
662 2439
663 2438
664 155
665 154
666 157
667 156
668 159
669 2432
670 2431
671 2430
672 2437
673 2436
674 2435
675 2434
676 2236
677 2509
678 2508
679 2507
680 2506
681 2505
682 2504
683 2503
684 2502
685 2501
686 2500
687 2727
688 2726
689 2725
690 2724
691 2723
692 2722
693 2721
694 2720
695 2729
696 2728
697 1807
698 1806
699 1805
700 1804
701 1803
702 1802
703 1801
704 1800
705 1809
706 1808
707 1256
708 1948
709 1949
710 1257
711 1942
712 1943
713 1940
714 1941
715 1946
716 1947
717 1944
718 1945
719 818
720 819
721 1527
722 810
723 1520
724 812
725 813
726 814
727 815
728 816
729 817
730 2859
731 2858
732 1522
733 1622
734 2851
735 2850
736 2853
737 1251
738 2855
739 1621
740 2857
741 2856
742 1490
743 1491
744 1492
745 1620
746 1494
747 1495
748 1496
749 1497
750 1498
751 1627
752 1395
753 1626
754 1700
755 1701
756 1702
757 422
758 1704
759 1625
760 1706
761 1707
762 1708
763 1393
764 1624
765 1392
766 1391
767 1390
768 1128
769 1129
770 1120
771 1121
772 1122
773 1123
774 1124
775 1125
776 1126
777 1127
778 524
779 525
780 526
781 527
782 520
783 521
784 522
785 523
786 1014
787 1015
788 1016
789 1017
790 528
791 1011
792 1012
793 1013
794 1234
795 1235
796 1236
797 1237
798 1230
799 1231
800 1232
801 1233
802 1238
803 1239
804 438
805 439
806 436
807 437
808 434
809 435
810 432
811 433
812 430
813 431
814 2864
815 558
816 2868
817 554
818 1961
819 2700
820 995
821 2465
822 997
823 996
824 238
825 239
826 234
827 991
828 236
829 237
830 230
831 231
832 232
833 2461
834 2462
835 2228
836 2229
837 2226
838 2227
839 2224
840 2225
841 2222
842 2223
843 2220
844 2221
845 1
846 146
847 147
848 144
849 145
850 142
851 143
852 140
853 141
854 999
855 148
856 149
857 2088
858 2089
859 2082
860 2083
861 2080
862 2081
863 2086
864 2087
865 2084
866 2085
867 2538
868 2539
869 2532
870 2533
871 2530
872 2531
873 2536
874 2537
875 2534
876 2535
877 2712
878 2713
879 2710
880 2711
881 2716
882 2717
883 2714
884 2715
885 2718
886 2719
887 1832
888 1833
889 1830
890 1831
891 1836
892 1837
893 1834
894 1835
895 1838
896 1839
897 2154
898 2407
899 2156
900 938
901 2402
902 2151
903 2152
904 2401
905 933
906 932
907 931
908 930
909 937
910 936
911 2408
912 934
913 1955
914 1954
915 1957
916 1956
917 1951
918 1950
919 1953
920 1952
921 1959
922 1958
923 829
924 828
925 825
926 824
927 827
928 826
929 821
930 820
931 823
932 822
933 1536
934 1483
935 1482
936 1481
937 1480
938 1487
939 1486
940 1485
941 1484
942 1489
943 1488
944 797
945 796
946 795
947 1710
948 793
949 1716
950 791
951 790
952 1719
953 1718
954 2145
955 799
956 798
957 612
958 2144
959 1271
960 2143
961 610
962 2414
963 1139
964 1138
965 2417
966 1133
967 1274
968 1131
969 1130
970 225
971 1136
972 1135
973 1134
974 2792
975 614
976 2061
977 476
978 615
979 2790
980 2063
981 2064
982 224
983 2797
984 519
985 518
986 926
987 1009
988 1008
989 511
990 510
991 1005
992 2148
993 1003
994 1002
995 1001
996 1000
997 1227
998 622
999 621
1000 620
1001 627
1002 626
1003 1221
1004 1220
1005 629
1006 628
1007 1229
1008 1228
1009 1535
1010 2
1011 11
1012 10
1013 13
1014 12
1015 15
1016 14
1017 17
1018 16
1019 19
1020 18
1021 928
1022 2742
1023 1534
1024 1471
1025 688
1026 201
1027 200
1028 203
1029 202
1030 205
1031 204
1032 207
1033 206
1034 209
1035 208
1036 1573
1037 1572
1038 1571
1039 2239
1040 2238
1041 1570
1042 998
1043 2231
1044 2230
1045 2233
1046 2232
1047 2235
1048 2234
1049 2237
1050 1576
1051 1575
1052 1574
1053 2185
1054 228
1055 2095
1056 2094
1057 2097
1058 2096
1059 2091
1060 2090
1061 2093
1062 2092
1063 2099
1064 2098
1065 2525
1066 2524
1067 2527
1068 2526
1069 2521
1070 2520
1071 2523
1072 2522
1073 2529
1074 2528
1075 2709
1076 2708
1077 2705
1078 2704
1079 2707
1080 2706
1081 2701
1082 1823
1083 2703
1084 2702
1085 1829
1086 1828
1087 1825
1088 1824
1089 1827
1090 1826
1091 1821
1092 1820
1093 512
1094 1822
1095 2411
1096 929
1097 2413
1098 2412
1099 2415
1100 2142
1101 2141
1102 2140
1103 920
1104 2418
1105 922
1106 923
1107 924
1108 925
1109 2149
1110 927
1111 1920
1112 1921
1113 1922
1114 1923
1115 1924
1116 1925
1117 1926
1118 1927
1119 1928
1120 1929
1121 475
1122 832
1123 833
1124 830
1125 831
1126 836
1127 837
1128 834
1129 835
1130 838
1131 839
1132 3
1133 1267
1134 2511
1135 1987
1136 1532
1137 784
1138 785
1139 786
1140 787
1141 780
1142 781
1143 1728
1144 783
1145 1726
1146 1727
1147 1724
1148 1725
1149 788
1150 789
1151 1720
1152 1721
1153 252
1154 468
1155 153
1156 60
1157 61
1158 62
1159 152
1160 64
1161 65
1162 66
1163 67
1164 68
1165 69
1166 1371
1167 1588
1168 1589
1169 1370
1170 1582
1171 1583
1172 1580
1173 1581
1174 1586
1175 1587
1176 1584
1177 1585
1178 710
1179 1038
1180 1039
1181 508
1182 509
1183 506
1184 507
1185 1030
1186 1031
1187 502
1188 1037
1189 1034
1190 501
1191 1212
1192 1213
1193 632
1194 633
1195 634
1196 635
1197 1214
1198 1215
1199 638
1200 639
1201 1218
1202 1376
1203 2416
1204 782
1205 1729
1206 1106
1207 1455
1208 1456
1209 1457
1210 1450
1211 1451
1212 1100
1213 1101
1214 2419
1215 1458
1216 1459
1217 1108
1218 1109
1219 1722
1220 1723
1221 1577
1222 466
1223 959
1224 958
1225 216
1226 217
1227 214
1228 215
1229 212
1230 213
1231 210
1232 211
1233 218
1234 219
1235 957
1236 956
1237 462
1238 4
1239 2550
1240 2551
1241 2552
1242 2553
1243 2554
1244 2555
1245 2556
1246 2557
1247 2558
1248 2559
1249 2396
1250 2397
1251 2394
1252 63
1253 2392
1254 2393
1255 2390
1256 2391
1257 2398
1258 2399
1259 2778
1260 2779
1261 2770
1262 2771
1263 2772
1264 2773
1265 2774
1266 2775
1267 2776
1268 2777
1269 1858
1270 1859
1271 378
1272 1850
1273 1851
1274 1852
1275 1853
1276 1854
1277 1855
1278 1856
1279 1857
1280 2172
1281 2173
1282 2170
1283 2171
1284 919
1285 918
1286 2174
1287 2175
1288 915
1289 914
1290 917
1291 916
1292 911
1293 910
1294 913
1295 912
1296 2604
1297 2605
1298 2606
1299 2607
1300 2600
1301 2601
1302 2602
1303 2603
1304 2608
1305 2609
1306 1933
1307 1932
1308 1931
1309 1930
1310 1937
1311 1936
1312 1935
1313 1934
1314 1939
1315 1938
1316 458
1317 847
1318 846
1319 845
1320 844
1321 843
1322 842
1323 841
1324 840
1325 1426
1326 849
1327 848
1328 2406
1329 1739
1330 1738
1331 1731
1332 1730
1333 1733
1334 1732
1335 1735
1336 1734
1337 1737
1338 1736
1339 2404
1340 753
1341 752
1342 751
1343 750
1344 757
1345 756
1346 755
1347 754
1348 759
1349 758
1350 1595
1351 1032
1352 1597
1353 1596
1354 1591
1355 1590
1356 1593
1357 1033
1358 1599
1359 504
1360 1025
1361 1024
1362 1027
1363 1026
1364 1021
1365 1020
1366 1023
1367 1022
1368 1036
1369 1029
1370 1028
1371 503
1372 500
1373 1035
1374 605
1375 604
1376 607
1377 606
1378 601
1379 600
1380 603
1381 602
1382 1205
1383 1204
1384 1207
1385 1206
1386 1201
1387 1200
1388 1203
1389 1202
1390 1211
1391 1216
1392 1217
1393 636
1394 637
1395 1447
1396 1446
1397 1113
1398 1112
1399 1115
1400 1114
1401 1117
1402 1440
1403 1119
1404 1118
1405 1351
1406 1449
1407 1448
1408 1219
1409 461
1410 1356
1411 463
1412 489
1413 488
1414 487
1415 486
1416 485
1417 1354
1418 483
1419 482
1420 481
1421 480
1422 1565
1423 1567
1424 199
1425 198
1426 2066
1427 195
1428 194
1429 197
1430 196
1431 191
1432 190
1433 193
1434 192
1435 2543
1436 2542
1437 2541
1438 2540
1439 2547
1440 2546
1441 2545
1442 2544
1443 2549
1444 2548
1445 1104
1446 2381
1447 2380
1448 2383
1449 2382
1450 2385
1451 2384
1452 2387
1453 2386
1454 2389
1455 2409
1456 1518
1457 2769
1458 2768
1459 1452
1460 2763
1461 2762
1462 2761
1463 2760
1464 2767
1465 2766
1466 2765
1467 2764
1468 902
1469 903
1470 1849
1471 901
1472 906
1473 907
1474 904
1475 905
1476 1843
1477 1842
1478 1841
1479 1840
1480 1847
1481 1846
1482 1845
1483 1844
1484 2169
1485 2168
1486 2165
1487 2164
1488 2167
1489 2166
1490 2161
1491 2160
1492 2163
1493 2162
1494 2617
1495 2616
1496 2615
1497 2614
1498 2613
1499 2612
1500 2611
1501 2610
1502 2619
1503 2618
1504 1908
1505 1909
1506 1906
1507 1907
1508 1904
1509 1905
1510 1902
1511 1903
1512 1900
1513 1901
1514 854
1515 855
1516 856
1517 857
1518 850
1519 851
1520 852
1521 0
1522 858
1523 859
1524 6
1525 2463
1526 811
1527 611
1528 740
1529 741
1530 742
1531 743
1532 744
1533 745
1534 746
1535 747
1536 748
1537 749
1538 1798
1539 617
1540 1050
1541 1051
1542 1052
1543 1053
1544 1054
1545 1055
1546 1056
1547 1057
1548 1058
1549 1059
1550 1696
1551 1697
1552 1694
1553 1695
1554 1692
1555 1693
1556 1690
1557 1691
1558 715
1559 1698
1560 1699
1561 1278
1562 1279
1563 618
1564 619
1565 1270
1566 613
1567 1272
1568 1273
1569 616
1570 1275
1571 1276
1572 1277
1573 1795
1574 1794
1575 1472
1576 1473
1577 1470
1578 1493
1579 1476
1580 1477
1581 1474
1582 1475
1583 1478
1584 1479
1585 1304
1586 1305
1587 1306
1588 1307
1589 1300
1590 1301
1591 1302
1592 1303
1593 1308
1594 1309
1595 498
1596 499
1597 1499
1598 494
1599 495
1600 496
1601 497
1602 490
1603 491
1604 492
1605 493
1606 24
1607 25
1608 26
1609 27
1610 20
1611 21
1612 22
1613 23
1614 28
1615 29
1616 1703
1617 1705
1618 1875
1619 1709
1620 173
1621 7
1622 1879
1623 2288
1624 2289
1625 2050
1626 2280
1627 2281
1628 2282
1629 2283
1630 2284
1631 2285
1632 2286
1633 2287
1634 972
1635 2578
1636 2579
1637 2576
1638 2577
1639 2574
1640 2575
1641 2572
1642 2573
1643 2570
1644 2571
1645 445
1646 2395
1647 2378
1648 2379
1649 2374
1650 2375
1651 2376
1652 2377
1653 2370
1654 2371
1655 2372
1656 2373
1657 2594
1658 2595
1659 2596
1660 2597
1661 2590
1662 2591
1663 2592
1664 2593
1665 2598
1666 2599
1667 1876
1668 1877
1669 1874
1670 592
1671 1872
1672 1873
1673 1870
1674 1871
1675 1083
1676 1878
1677 1082
1678 977
1679 976
1680 975
1681 974
1682 973
1683 597
1684 971
1685 970
1686 1080
1687 979
1688 978
1689 2118
1690 2119
1691 180
1692 181
1693 186
1694 187
1695 184
1696 185
1697 2110
1698 2111
1699 188
1700 189
1701 2114
1702 2115
1703 2116
1704 2117
1705 2622
1706 2623
1707 2620
1708 2621
1709 2626
1710 2627
1711 2624
1712 2625
1713 2628
1714 2629
1715 1919
1716 1918
1717 1911
1718 1910
1719 1913
1720 1912
1721 1915
1722 1914
1723 1917
1724 1916
1725 869
1726 868
1727 2113
1728 861
1729 860
1730 863
1731 862
1732 865
1733 864
1734 867
1735 866
1736 2756
1737 2757
1738 2754
1739 2755
1740 2752
1741 2021
1742 2022
1743 2751
1744 2028
1745 2029
1746 2758
1747 2759
1748 883
1749 882
1750 881
1751 880
1752 887
1753 886
1754 885
1755 884
1756 889
1757 888
1758 1503
1759 775
1760 774
1761 777
1762 776
1763 771
1764 770
1765 773
1766 772
1767 779
1768 778
1769 77
1770 76
1771 75
1772 74
1773 73
1774 72
1775 71
1776 70
1777 79
1778 78
1779 1043
1780 1042
1781 1041
1782 1040
1783 1047
1784 1046
1785 1045
1786 1044
1787 1049
1788 1048
1789 1681
1790 1680
1791 1683
1792 1682
1793 1685
1794 1684
1795 1687
1796 1686
1797 1689
1798 1688
1799 1269
1800 1268
1801 669
1802 668
1803 1263
1804 666
1805 665
1806 1260
1807 663
1808 1266
1809 661
1810 660
1811 640
1812 264
1813 421
1814 1469
1815 1468
1816 1465
1817 1464
1818 1467
1819 1466
1820 1461
1821 1460
1822 1463
1823 1462
1824 1317
1825 1316
1826 1315
1827 1314
1828 1313
1829 1312
1830 1311
1831 1310
1832 1319
1833 1318
1834 1010
1835 529
1836 712
1837 319
1838 318
1839 313
1840 312
1841 311
1842 310
1843 317
1844 316
1845 315
1846 314
1847 2024
1848 2025
1849 2026
1850 443
1851 2027
1852 442
1853 2020
1854 441
1855 2753
1856 1336
1857 2750
1858 1331
1859 2023
1860 446
1861 406
1862 1332
1863 2324
1864 630
1865 2299
1866 2298
1867 2293
1868 2292
1869 2291
1870 2290
1871 2297
1872 2296
1873 2295
1874 2294
1875 2569
1876 2568
1877 2561
1878 2560
1879 2563
1880 2562
1881 2565
1882 2564
1883 2567
1884 2566
1885 1521
1886 2369
1887 2368
1888 2367
1889 2366
1890 2365
1891 2364
1892 2363
1893 2362
1894 2361
1895 2360
1896 2587
1897 2586
1898 2585
1899 2584
1900 2583
1901 2582
1902 2581
1903 2580
1904 1612
1905 402
1906 2589
1907 2588
1908 1861
1909 1860
1910 1863
1911 1862
1912 1865
1913 1864
1914 1867
1915 1866
1916 1869
1917 1868
1918 964
1919 965
1920 966
1921 967
1922 960
1923 961
1924 962
1925 963
1926 401
1927 968
1928 969
1929 2109
1930 2108
1931 2103
1932 2102
1933 2101
1934 2100
1935 2107
1936 2106
1937 2105
1938 2104
1939 30
1940 2639
1941 2638
1942 2635
1943 2634
1944 2637
1945 2636
1946 2631
1947 2630
1948 2633
1949 2632
1950 641
1951 878
1952 879
1953 876
1954 877
1955 874
1956 875
1957 872
1958 1243
1959 870
1960 871
1961 2741
1962 2740
1963 2743
1964 642
1965 2745
1966 2032
1967 2031
1968 2746
1969 2749
1970 1533
1971 2039
1972 1244
1973 890
1974 891
1975 892
1976 893
1977 894
1978 1531
1979 896
1980 897
1981 898
1982 899
1983 1530
1984 1249
1985 1248
1986 1537
1987 1964
1988 1965
1989 1966
1990 1788
1991 1789
1992 768
1993 769
1994 762
1995 763
1996 760
1997 761
1998 1784
1999 767
2000 764
2001 765
2002 1962
2003 1963
2004 1078
2005 1079
2006 1076
2007 1077
2008 1074
2009 1075
2010 1072
2011 1073
2012 1070
2013 1071
2014 1678
2015 1679
2016 1674
2017 1675
2018 1676
2019 1677
2020 1670
2021 1671
2022 1672
2023 1673
2024 1094
2025 1095
2026 1096
2027 1097
2028 678
2029 679
2030 1092
2031 1093
2032 674
2033 675
2034 676
2035 677
2036 1098
2037 1099
2038 672
2039 673
2040 645
2041 1418
2042 1419
2043 1410
2044 1411
2045 1412
2046 1413
2047 1414
2048 1415
2049 1416
2050 1417
2051 1322
2052 1323
2053 1320
2054 1321
2055 1326
2056 1327
2057 1324
2058 1325
2059 1328
2060 1329
2061 5
2062 647
2063 1524
2064 1525
2065 1526
2066 1255
2067 1252
2068 1253
2069 1250
2070 1523
2071 1528
2072 1529
2073 1258
2074 1259
2075 308
2076 309
2077 300
2078 301
2079 302
2080 303
2081 304
2082 305
2083 306
2084 307
2085 1655
2086 988
2087 989
2088 1105
2089 2479
2090 985
2091 470
2092 2358
2093 2359
2094 2352
2095 2353
2096 2350
2097 2351
2098 2356
2099 2357
2100 2354
2101 2355
2102 1898
2103 1899
2104 1894
2105 1895
2106 1896
2107 1897
2108 1890
2109 1891
2110 1892
2111 1893
2112 2136
2113 2137
2114 2134
2115 2135
2116 2132
2117 2133
2118 2130
2119 2131
2120 951
2121 950
2122 953
2123 952
2124 955
2125 954
2126 2138
2127 2139
2128 477
2129 2648
2130 2649
2131 2640
2132 2641
2133 2642
2134 2643
2135 2644
2136 2645
2137 2646
2138 2647
2139 2002
2140 2003
2141 2000
2142 2001
2143 2006
2144 2007
2145 2004
2146 2005
2147 2008
2148 2009
2149 2034
2150 2852
2151 667
2152 1262
2153 2176
2154 1261
2155 2177
2156 1799
2157 664
2158 719
2159 718
2160 717
2161 1792
2162 1791
2163 1790
2164 713
2165 1796
2166 711
2167 662
2168 1265
2169 716
2170 1103
2171 505
2172 1264
2173 2178
2174 1069
2175 1068
2176 2179
2177 1061
2178 1060
2179 1063
2180 1062
2181 1065
2182 1064
2183 1067
2184 1066
2185 1669
2186 1668
2187 1667
2188 1666
2189 1665
2190 1664
2191 1663
2192 1662
2193 1661
2194 1660
2195 591
2196 590
2197 1085
2198 1084
2199 595
2200 594
2201 1081
2202 596
2203 599
2204 598
2205 1089
2206 1088
2207 714
2208 2828
2209 2829
2210 2824
2211 2825
2212 2826
2213 2827
2214 2820
2215 2821
2216 2822
2217 2823
2218 1409
2219 1408
2220 1403
2221 1402
2222 1401
2223 1400
2224 1407
2225 1406
2226 1405
2227 1404
2228 1546
2229 449
2230 448
2231 1339
2232 1338
2233 693
2234 1335
2235 1334
2236 1337
2237 440
2238 447
2239 690
2240 1333
2241 444
2242 1545
2243 696
2244 1543
2245 39
2246 38
2247 694
2248 33
2249 32
2250 31
2251 1541
2252 37
2253 36
2254 35
2255 34
2256 1241
2257 1240
2258 643
2259 1242
2260 1245
2261 644
2262 1247
2263 646
2264 649
2265 648
2266 1539
2267 1538
2268 339
2269 338
2270 335
2271 334
2272 337
2273 336
2274 331
2275 330
2276 333
2277 332
2278 1634
2279 1111
2280 1635
2281 8
2282 1353
2283 1636
2284 1352
2285 2854
2286 1454
2287 235
2288 1991
2289 2345
2290 2344
2291 2347
2292 2346
2293 2341
2294 2340
2295 2343
2296 2342
2297 2349
2298 2348
2299 233
2300 2067
2301 1889
2302 1888
2303 1887
2304 1886
2305 1885
2306 1884
2307 1883
2308 1882
2309 1881
2310 1880
2311 2121
2312 2120
2313 2123
2314 2122
2315 2125
2316 2124
2317 2127
2318 2126
2319 2129
2320 947
2321 944
2322 945
2323 942
2324 943
2325 940
2326 941
2327 1594
2328 2410
2329 2659
2330 2658
2331 2653
2332 2652
2333 2651
2334 2650
2335 2657
2336 2656
2337 2655
2338 2654
2339 133
2340 132
2341 131
2342 130
2343 137
2344 136
2345 135
2346 134
2347 139
2348 138
2349 410
2350 2019
2351 2018
2352 2015
2353 2014
2354 2017
2355 2016
2356 2011
2357 2010
2358 2013
2359 2012
2360 2847
2361 158
2362 183
2363 1453
2364 2112
2365 708
2366 709
2367 704
2368 705
2369 706
2370 707
2371 700
2372 701
2373 702
2374 703
2375 88
2376 89
2377 82
2378 83
2379 80
2380 81
2381 86
2382 87
2383 84
2384 85
2385 1658
2386 1659
2387 1652
2388 1653
2389 1650
2390 1651
2391 1656
2392 1657
2393 1654
2394 1389
2395 586
2396 1630
2397 584
2398 585
2399 582
2400 583
2401 580
2402 581
2403 1984
2404 588
2405 589
2406 1985
2407 2839
2408 2838
2409 2837
2410 2836
2411 2835
2412 2834
2413 2833
2414 2832
2415 2831
2416 2830
2417 1436
2418 1437
2419 1434
2420 1435
2421 1432
2422 1433
2423 1430
2424 1431
2425 418
2426 1981
2427 1438
2428 419
2429 1348
2430 459
2431 450
2432 451
2433 452
2434 453
2435 454
2436 455
2437 456
2438 1347
2439 656
2440 657
2441 1500
2442 655
2443 1506
2444 653
2445 650
2446 651
2447 1508
2448 1509
2449 658
2450 659
2451 948
2452 1598
2453 949
2454 946
2455 2128
2456 631
2457 2815
2458 569
2459 1292
2460 322
2461 323
2462 320
2463 321
2464 326
2465 327
2466 324
2467 325
2468 328
2469 329
2470 2819
2471 565
2472 2330
2473 2331
2474 2332
2475 2333
2476 2334
2477 2335
2478 2336
2479 2337
2480 2338
2481 2339
2482 1341
2483 1592
2484 2488
2485 2489
2486 2486
2487 2487
2488 2484
2489 2485
2490 2482
2491 2483
2492 2480
2493 2481
2494 2248
2495 2249
2496 2244
2497 2245
2498 2246
2499 2247
2500 2240
2501 2241
2502 2242
2503 2243
2504 2464
2505 994
2506 2466
2507 2467
2508 2460
2509 990
2510 993
2511 992
2512 2468
2513 2469
2514 120
2515 121
2516 122
2517 123
2518 124
2519 125
2520 126
2521 127
2522 128
2523 129
2524 2068
2525 2069
2526 2798
2527 2799
2528 2060
2529 2793
2530 2062
2531 2791
2532 2796
2533 2065
2534 2794
2535 2795
2536 1086
2537 2666
2538 2667
2539 2664
2540 2665
2541 2662
2542 2663
2543 2660
2544 2661
2545 1748
2546 2668
2547 2669
2548 1744
2549 1645
2550 1644
2551 1647
2552 1646
2553 1641
2554 1640
2555 1643
2556 1642
2557 1396
2558 1649
2559 1648
2560 728
2561 729
2562 579
2563 578
2564 573
2565 572
2566 571
2567 570
2568 577
2569 576
2570 575
2571 574
2572 2808
2573 2809
2574 2802
2575 2803
2576 2800
2577 2801
2578 2806
2579 2807
2580 2804
2581 1208
2582 1421
2583 1420
2584 1423
2585 1422
2586 1425
2587 1424
2588 1427
2589 2155
2590 1429
2591 1428
2592 939
2593 731
2594 730
2595 733
2596 732
2597 735
2598 734
2599 737
2600 736
2601 739
2602 2150
2603 2403
2604 1359
2605 1358
2606 469
2607 2400
2608 465
2609 464
2610 467
2611 1350
2612 1357
2613 460
2614 1355
2615 608
2616 2158
2617 2159
2618 1519
2619 935
2620 1515
2621 1514
2622 1517
2623 1516
2624 1511
2625 1510
2626 1513
2627 1512
2628 723
2629 49
2630 357
2631 356
2632 355
2633 354
2634 353
2635 352
2636 351
2637 350
2638 359
2639 358
2640 2323
2641 2322
2642 2321
2643 2320
2644 2327
2645 2326
2646 2325
2647 1110
2648 2329
2649 2328
2650 1445
2651 484
2652 289
2653 288
2654 1444
2655 281
2656 280
2657 283
2658 282
2659 285
2660 284
2661 287
2662 1442
2663 1441
2664 1116
2665 263
2666 262
2667 261
2668 260
2669 267
2670 266
2671 265
2672 1293
2673 286
2674 269
2675 268
2676 1562
2677 182
2678 2499
2679 2498
2680 1563
2681 2491
2682 2490
2683 2493
2684 2492
2685 2495
2686 2494
2687 2497
2688 2496
2689 259
2690 1566
2691 2259
2692 2258
2693 2257
2694 2256
2695 2255
2696 2254
2697 2253
2698 2252
2699 2251
2700 2250
2701 2477
2702 2476
2703 2475
2704 2474
2705 2473
2706 2472
2707 2471
2708 2470
2709 982
2710 983
2711 980
2712 981
2713 986
2714 987
2715 984
2716 2478
2717 115
2718 114
2719 117
2720 116
2721 111
2722 110
2723 113
2724 112
2725 119
2726 118
2727 2785
2728 2784
2729 2787
2730 2786
2731 2781
2732 2780
2733 2783
2734 2782
2735 2789
2736 2788
2737 1797
2738 2079
2739 2078
2740 2073
2741 2072
2742 2071
2743 2070
2744 2077
2745 2076
2746 2075
2747 2074
2748 1330
2749 2671
2750 2670
2751 2673
2752 2672
2753 2675
2754 2674
2755 2677
2756 2676
2757 2679
2758 2678
2759 1209
2760 1986
2761 1631
2762 1632
2763 1633
2764 1982
2765 1983
2766 1980
2767 1637
2768 1638
2769 1639
2770 1988
2771 1989
2772 1781
2773 568
2774 2814
2775 2817
2776 2816
2777 2811
2778 2810
2779 2813
2780 2812
2781 560
2782 561
2783 562
2784 563
2785 564
2786 2818
2787 566
2788 567
2789 1188
2790 1189
2791 1186
2792 1187
2793 1184
2794 1185
2795 1182
2796 1183
2797 1180
2798 1181
2799 726
2800 727
2801 724
2802 725
2803 722
2804 1749
2805 720
2806 721
2807 372
2808 1745
2809 1746
2810 1747
2811 1740
2812 1741
2813 1742
2814 1743
2815 1164
2816 1165
2817 1166
2818 1167
2819 1160
2820 1161
2821 1162
2822 1163
2823 1168
2824 1169
2825 1366
2826 48
2827 473
2828 46
2829 47
2830 44
2831 45
2832 42
2833 43
2834 40
2835 41
2836 1568
2837 1569
2838 1298
2839 1299
2840 1560
2841 1561
2842 1290
2843 1291
2844 1564
2845 1297
2846 1294
2847 1295
2848 1713
2849 1360
2850 1712
2851 2033
2852 1711
2853 794
2854 1717
2855 792
2856 1715
2857 1714
2858 472
2859 1367
2860 1364
2861 471
2862 1362
2863 1363
2864 474
2865 1361
2866 478
2867 479
2868 1368
2869 1369
