0 165
1 133
2 164
3 131
4 130
5 137
6 136
7 135
8 134
9 139
10 138
11 166
12 24
13 25
14 26
15 167
16 20
17 21
18 22
19 23
20 160
21 28
22 29
23 94
24 0
25 4
26 8
27 96
28 87
29 119
30 120
31 121
32 122
33 123
34 124
35 125
36 126
37 127
38 128
39 129
40 59
41 58
42 132
43 55
44 54
45 57
46 56
47 51
48 50
49 53
50 52
51 16
52 201
53 199
54 179
55 147
56 195
57 194
58 197
59 178
60 191
61 190
62 193
63 192
64 115
65 177
66 88
67 89
68 111
69 110
70 113
71 176
72 82
73 83
74 80
75 81
76 86
77 118
78 84
79 85
80 140
81 141
82 27
83 3
84 7
85 170
86 108
87 109
88 102
89 103
90 100
91 101
92 106
93 107
94 104
95 105
96 39
97 38
98 33
99 32
100 31
101 30
102 37
103 36
104 35
105 34
106 162
107 60
108 61
109 62
110 63
111 64
112 65
113 66
114 67
115 68
116 69
117 175
118 174
119 173
120 172
121 171
122 198
123 203
124 145
125 182
126 183
127 180
128 181
129 186
130 187
131 184
132 185
133 188
134 189
135 196
136 6
137 142
138 99
139 98
140 168
141 169
142 91
143 90
144 93
145 92
146 95
147 161
148 97
149 163
150 11
151 10
152 13
153 12
154 15
155 14
156 17
157 114
158 19
159 18
160 143
161 117
162 116
163 151
164 150
165 153
166 152
167 155
168 154
169 157
170 156
171 159
172 158
173 112
174 48
175 49
176 46
177 47
178 44
179 45
180 42
181 43
182 40
183 41
184 1
185 5
186 9
187 146
188 200
189 144
190 202
191 205
192 204
193 207
194 206
195 209
196 208
197 148
198 149
199 77
200 76
201 75
202 74
203 73
204 72
205 71
206 70
207 79
208 78
209 2
