0 344 49.25 1553.28
1 0 -0.10 1105.79
2 346 492.95 1192.02
3 347 498.94 1049.64
4 340 481.55 1319.34
5 341 483.45 1299.73
6 342 484.71 522.35
7 343 489.55 1014.91
8 348 499.38 327.64
9 349 501.65 1323.84
10 298 323.01 801.59
11 299 325.86 760.27
12 296 301.48 1150.73
13 297 318.72 1127.08
14 294 29.53 392.71
15 295 295.94 378.46
16 292 288.62 1359.92
17 293 29.52 1493.79
18 290 258.90 904.88
19 291 264.60 493.15
20 199 1255.90 804.64
21 198 125.43 1510.68
22 195 1242.74 659.82
23 194 1241.72 237.51
24 197 1249.83 918.07
25 196 1249.83 1392.03
26 191 1237.67 851.23
27 190 1234.64 697.29
28 193 1238.89 258.94
29 192 1237.81 1350.41
30 270 180.98 942.42
31 271 183.61 1529.94
32 272 192.66 795.89
33 273 195.65 1224.68
34 274 199.75 989.85
35 275 199.92 1350.41
36 276 208.56 1122.45
37 277 215.45 576.49
38 278 216.83 165.60
39 279 220.91 1308.43
40 524 975.73 497.92
41 525 976.50 727.79
42 526 978.63 148.89
43 527 981.45 1102.39
44 520 962.21 956.56
45 521 965.25 987.95
46 522 968.28 1051.75
47 523 969.74 1220.37
48 528 981.45 162.57
49 529 983.98 1322.94
50 449 787.74 472.78
51 448 78.40 1415.02
52 443 767.08 767.68
53 442 763.94 1126.41
54 441 758.53 617.38
55 440 757.82 737.76
56 447 775.86 44.08
57 446 773.84 144.34
58 445 771.00 832.15
59 444 77.97 1340.91
60 108 1042.21 896.80
61 109 1042.71 610.83
62 102 1031.07 976.81
63 103 1034.11 350.94
64 100 1028.50 796.17
65 101 1031.07 1044.66
66 106 1039.18 181.81
67 107 1039.18 265.87
68 104 1036.02 1319.86
69 105 1039.18 1092.26
70 39 1558.71 969.72
71 38 1558.71 694.26
72 33 1479.01 0.53
73 32 1450.35 926.17
74 31 1444.98 0.53
75 30 1406.90 155.27
76 37 1558.68 335.23
77 36 155.05 1.54
78 35 1521.24 1505.46
79 34 1490.86 1560.15
80 438 753.54 705.71
81 439 756.75 929.02
82 436 751.83 1099.34
83 437 752.27 586.09
84 434 748.40 677.27
85 435 75.39 1527.81
86 432 744.64 634.72
87 433 746.42 556.83
88 430 740.72 485.60
89 431 742.15 534.75
90 339 479.23 982.06
91 338 478.30 679.07
92 335 471.18 513.09
93 334 470.78 958.60
94 337 476.09 213.20
95 336 474.74 663.40
96 331 455.51 545.15
97 330 453.35 900.58
98 333 469.00 76.48
99 332 459.52 914.48
100 345 490.41 818.68
101 6 -0.83 1025.42
102 99 1014.26 721.38
103 98 1010.87 1463.24
104 91 967.67 1523.49
105 90 950.05 958.58
106 93 996.78 445.29
107 92 976.77 1547.36
108 95 1001.31 8.27
109 94 1000.69 265.87
110 97 101.48 789.48
111 96 1005.39 492.18
112 238 1432.12 468.41
113 239 1438.20 622.35
114 234 1411.87 1072.01
115 235 1416.93 574.75
116 236 1431.11 1432.54
117 237 1431.11 709.45
118 230 1393.64 1346.46
119 231 1403.76 356.00
120 232 1409.33 211.18
121 233 141.25 1338.06
122 1 -0.23 1516.95
123 146 1123.08 463.47
124 147 1124.13 1299.97
125 144 1114.12 425.88
126 145 1116.14 637.54
127 142 1111.08 175.73
128 143 1112.76 1257.33
129 140 111.45 446.14
130 141 111.45 592.16
131 148 1124.67 700.01
132 149 1128.30 246.62
133 133 1095.89 867.43
134 132 1093.86 847.18
135 131 1092.86 1561.43
136 130 1085.49 791.90
137 498 904.92 549.59
138 499 911.63 680.46
139 135 1098.93 1032.51
140 134 1097.13 1204.76
141 494 898.86 804.01
142 495 9.28 1523.92
143 496 901.35 822.89
144 497 902.78 1371.38
145 490 891.02 742.75
146 491 895.65 1342.89
147 492 897.59 645.34
148 493 898.40 175.73
149 24 1194.13 771.22
150 25 1239.23 1560.01
151 26 1319.71 1243.16
152 27 1348.97 0.53
153 20 1176.67 468.26
154 21 1179.95 812.75
155 22 118.29 1560.65
156 23 1193.11 894.78
157 28 139.94 546.57
158 29 1397.18 0.53
159 407 673.77 645.39
160 406 669.20 1100.05
161 405 667.82 1246.11
162 404 665.96 957.05
163 403 664.50 399.41
164 402 657.09 1016.71
165 401 655.24 788.34
166 400 652.82 1190.52
167 409 684.61 18.53
168 408 684.58 1449.72
169 379 610.79 355.53
170 378 609.37 1192.66
171 371 570.83 1312.43
172 370 570.19 649.86
173 373 583.44 22.81
174 372 577.31 1081.53
175 375 595.12 800.16
176 374 583.72 1102.19
177 377 605.02 837.13
178 376 60.16 466.79
179 393 642.42 576.06
180 392 640.00 1105.04
181 88 869.30 826.45
182 390 63.91 71.42
183 397 649.54 737.05
184 396 647.85 1337.39
185 395 645.70 1158.47
186 394 644.21 285.11
187 82 779.90 377.32
188 83 795.12 1560.26
189 80 759.82 1365.92
190 398 65.67 1223.94
191 86 846.15 516.94
192 87 847.89 1560.26
193 84 822.64 494.15
194 85 834.75 541.87
195 7 -0.91 104.84
196 245 1465.24 188.49
197 244 1463.51 599.06
198 247 1473.64 292.20
199 246 1465.54 548.42
200 241 1449.34 705.40
201 240 1446.30 557.54
202 243 1457.44 870.47
203 242 1452.27 19.97
204 249 1478.71 963.64
205 248 1474.66 1525.72
206 519 959.17 910.98
207 518 958.71 58.98
208 511 941.96 1057.96
209 510 941.95 343.85
210 513 948.35 1532.59
211 512 945.53 18.13
212 515 955.11 47.83
213 514 954.11 412.71
214 517 957.63 1156.97
215 516 955.17 1559.87
216 458 804.75 1256.81
217 459 804.83 524.06
218 450 789.03 178.77
219 451 791.55 1521.75
220 452 794.15 444.28
221 453 796.55 1403.36
222 454 799.13 500.56
223 455 80.82 788.77
224 456 800.47 1353.08
225 457 804.48 934.01
226 179 1213.37 1272.53
227 178 1210.33 682.10
228 177 1209.70 84.67
229 176 1207.29 1001.12
230 175 1196.15 1218.86
231 174 1191.09 945.42
232 173 1191.09 869.46
233 172 1189.49 1538.70
234 171 1185.01 1174.30
235 170 1178.93 365.11
236 182 1216.41 429.93
237 183 1217.42 622.35
238 180 1213.37 570.70
239 2 -0.33 1457.63
240 186 123.90 1420.11
241 187 1231.60 815.78
242 184 1223.50 366.13
243 185 1229.57 914.02
244 188 1232.61 1152.01
245 189 1232.61 306.38
246 11 0.33 349.97
247 10 -1.92 185.86
248 13 0.65 1167.55
249 12 0.33 401.97
250 15 1025.65 1559.87
251 14 1007.00 0.48
252 17 1076.20 418.50
253 16 107.89 512.38
254 19 1171.85 293.21
255 18 1162.92 0.35
256 63 425.70 1560.97
257 322 424.88 479.62
258 323 428.01 1405.85
259 320 423.45 666.25
260 321 424.16 810.85
261 326 436.40 1555.27
262 327 447.24 463.23
263 324 429.51 87.62
264 325 435.56 835.07
265 328 449.81 523.07
266 329 450.77 210.17
267 201 126.41 505.26
268 200 1256.92 978.84
269 203 1273.12 563.61
270 202 1269.07 971.75
271 205 1287.30 821.86
272 204 1284.26 1067.96
273 207 1292.36 1379.88
274 206 1288.31 1042.64
275 209 1293.37 539.31
276 208 1293.37 1113.53
277 77 729.15 1263.22
278 76 718.88 0.68
279 75 713.65 714.97
280 74 70.85 731.07
281 73 690.89 0.68
282 72 676.74 1560.87
283 71 673.76 427.19
284 70 660.94 936.99
285 79 735.74 742.04
286 78 732.89 709.27
287 540 998.69 656.75
288 8 -1.23 1348.83
289 68 622.76 429.04
290 258 1513.85 235.48
291 120 1066.77 711.22
292 121 1068.54 562.03
293 122 1072.97 1443.49
294 123 1073.61 181.81
295 124 1075.63 872.50
296 125 1080.98 474.95
297 126 1081.71 1107.45
298 127 1082.72 1135.81
299 128 1082.72 960.61
300 129 1083.74 253.71
301 414 692.07 1325.27
302 415 694.06 837.85
303 416 695.85 721.38
304 417 699.24 948.84
305 410 685.45 329.31
306 411 685.87 1549.24
307 412 687.51 47.49
308 413 687.76 687.37
309 137 1103.99 362.08
310 418 699.91 153.45
311 419 700.92 188.90
312 136 1102.99 528.54
313 319 408.49 752.44
314 318 403.60 964.46
315 313 390.68 675.51
316 312 384.98 508.11
317 311 382.92 200.04
318 310 382.85 384.16
319 317 402.16 348.91
320 316 398.96 1424.40
321 315 395.37 695.77
322 314 392.79 987.68
323 139 1109.69 594.56
324 138 1108.73 553.41
325 3 -0.39 625.64
326 368 564.49 1033.10
327 369 57.37 1146.09
328 366 556.66 997.48
329 367 562.98 1281.77
330 364 546.98 204.09
331 365 555.94 578.63
332 362 545.83 388.01
333 363 546.40 508.82
334 360 535.72 1193.60
335 361 543.12 999.62
336 380 611.51 896.33
337 381 615.92 495.14
338 382 617.19 1477.17
339 383 621.05 410.80
340 384 622.65 968.44
341 385 622.90 978.96
342 386 623.95 200.04
343 387 627.18 1017.42
344 388 628.02 1513.39
345 389 629.31 1267.50
346 60 350.08 684.05
347 61 361.65 56.23
348 62 362.80 1488.85
349 259 1514.15 1310.00
350 64 513.56 0.53
351 65 518.06 1411.56
352 66 581.42 -0.49
353 67 601.68 1560.17
354 252 1488.83 646.66
355 69 632.45 716.39
356 250 1480.73 1076.06
357 251 1485.49 137.45
358 253 1488.83 701.34
359 257 151.34 431.18
360 254 1494.91 999.09
361 255 1507.06 528.17
362 508 935.84 1482.57
363 509 938.91 243.59
364 506 925.75 172.69
365 507 931.27 990.28
366 504 92.09 1140.66
367 505 922.72 940.42
368 502 918.45 911.22
369 503 919.65 737.74
370 500 912.58 240.55
371 501 915.45 600.30
372 469 834.47 1110.03
373 468 833.63 1511.05
374 465 826.63 1071.87
375 464 821.93 760.56
376 467 829.41 1085.02
377 466 827.63 598.15
378 461 810.89 997.41
379 460 807.60 1227.57
380 463 819.79 568.23
381 462 813.38 544.72
382 168 1174.88 1093.28
383 169 1177.92 1117.58
384 164 1159.65 1423.59
385 165 1159.69 946.43
386 166 1160.40 542.89
387 167 1167.79 1017.32
388 160 1152.60 242.57
389 161 1153.62 909.97
390 162 1157.67 365.11
391 163 1157.67 425.88
392 9 -1.82 951.31
393 357 528.88 1040.93
394 356 521.75 654.85
395 355 518.62 1122.88
396 354 517.48 1008.16
397 353 515.22 903.13
398 352 514.58 11.67
399 351 511.64 415.36
400 350 509.51 212.19
401 359 532.44 966.14
402 358 531.79 66.36
403 216 1320.72 1474.07
404 217 1325.78 1048.72
405 214 1312.62 624.38
406 215 1314.64 291.18
407 212 1309.58 783.38
408 213 1310.08 88.84
409 210 1304.51 252.70
410 211 1308.57 518.04
411 218 1335.91 613.24
412 219 1340.06 25.64
413 289 251.78 434.03
414 288 251.07 747.45
415 4 -0.39 785.20
416 281 236.82 799.45
417 280 231.83 680.49
418 283 243.78 1355.11
419 282 243.23 395.56
420 285 25.85 1010.60
421 284 247.71 1116.33
422 287 250.60 1249.05
423 286 250.25 174.72
424 263 1531.37 1011.24
425 262 153.31 953.29
426 261 1525.29 899.84
427 260 1516.18 1081.12
428 267 1550.61 641.59
429 266 1543.52 404.61
430 265 1543.02 198.21
431 264 1538.46 1372.79
432 269 177.33 12.68
433 268 162.76 1431.89
434 59 342.97 1228.24
435 58 32.51 1.54
436 55 280.98 528.05
437 54 205.69 -0.49
438 57 319.59 926.39
439 56 29.81 1560.65
440 51 164.54 1560.65
441 50 1560.74 1292.79
442 53 194.79 820.82
443 52 179.12 693.31
444 537 995.63 236.50
445 536 992.67 620.13
446 535 991.46 802.59
447 534 99.88 1218.60
448 533 988.54 1155.05
449 532 986.97 191.33
450 531 986.25 581.16
451 530 984.34 548.63
452 539 998.67 348.91
453 538 997.66 1223.23
454 115 1058.97 539.06
455 114 1056.39 964.66
456 117 106.22 1551.27
457 116 1058.97 650.06
458 111 1047.74 794.75
459 110 1046.27 1043.65
460 113 1055.38 864.40
461 112 1048.29 1143.91
462 119 1064.49 1039.60
463 118 106.72 1339.43
464 256 1508.23 245.91
465 429 739.65 837.85
466 428 734.31 445.00
467 421 706.53 401.54
468 420 701.54 390.86
469 423 716.50 490.59
470 422 712.23 778.37
471 425 728.08 1433.31
472 424 725.76 400.12
473 427 730.29 56.23
474 426 73.02 169.66
475 308 354.40 1063.52
476 309 356.49 375.61
477 300 327.93 1463.23
478 301 333.30 192.95
479 302 335.83 479.62
480 303 338.06 1276.63
481 304 341.03 1456.20
482 305 342.39 973.12
483 306 344.38 1081.36
484 307 346.52 533.04
485 181 1214.38 538.29
486 229 1388.57 829.96
487 228 1378.44 982.89
488 227 1370.34 709.45
489 226 1365.28 927.19
490 225 1363.25 1059.86
491 224 1361.23 597.03
492 223 1353.13 465.38
493 222 1350.09 710.46
494 221 1348.06 1240.12
495 220 1346.04 1560.15
496 391 634.30 1063.01
497 89 931.37 1.00
498 151 1132.65 492.18
499 150 1129.65 729.22
500 153 1136.07 780.50
501 152 1133.22 754.15
502 155 1142.48 845.15
503 154 1140.45 823.89
504 157 1146.57 1378.06
505 156 1145.09 544.80
506 159 1149.56 875.54
507 158 1148.43 159.11
508 399 650.26 639.46
509 81 763.20 0.53
510 48 1560.14 859.75
511 49 1560.14 919.23
512 46 1560.03 177.96
513 47 1560.03 231.43
514 44 1559.73 503.86
515 45 1559.73 677.04
516 42 1559.73 1418.37
517 43 1559.73 440.06
518 40 1559.73 1089.22
519 41 1559.73 1243.16
520 5 -0.53 1230.46
521 489 890.67 996.70
522 488 889.61 609.87
523 487 887.82 1061.52
524 486 884.97 946.83
525 485 880.70 924.75
526 484 873.22 587.46
527 483 872.07 412.71
528 482 871.44 1160.53
529 481 870.01 1064.37
530 480 867.60 557.24
531 472 842.59 813.27
532 473 843.72 422.70
533 470 839.67 332.71
534 471 840.67 407.69
535 476 845.79 1198.29
536 477 850.38 461.56
537 474 844.37 1164.09
538 475 844.72 435.74
539 478 851.49 1218.23
540 479 853.84 178.77
