0 344
1 0
2 346
3 347
4 340
5 341
6 342
7 343
8 348
9 349
10 298
11 299
12 296
13 297
14 294
15 295
16 292
17 293
18 290
19 291
20 199
21 198
22 195
23 194
24 197
25 196
26 191
27 190
28 193
29 192
30 270
31 271
32 272
33 273
34 274
35 275
36 276
37 277
38 278
39 279
40 524
41 525
42 526
43 527
44 520
45 521
46 522
47 523
48 528
49 529
50 449
51 448
52 443
53 442
54 441
55 440
56 447
57 446
58 445
59 444
60 108
61 109
62 102
63 103
64 100
65 101
66 106
67 107
68 104
69 105
70 39
71 38
72 33
73 32
74 31
75 30
76 37
77 36
78 35
79 34
80 438
81 439
82 436
83 437
84 434
85 435
86 432
87 433
88 430
89 431
90 339
91 338
92 335
93 334
94 337
95 336
96 331
97 330
98 333
99 332
100 345
101 6
102 99
103 98
104 91
105 90
106 93
107 92
108 95
109 94
110 97
111 96
112 238
113 239
114 234
115 235
116 236
117 237
118 230
119 231
120 232
121 233
122 1
123 146
124 147
125 144
126 145
127 142
128 143
129 140
130 141
131 148
132 149
133 133
134 132
135 131
136 130
137 498
138 499
139 135
140 134
141 494
142 495
143 496
144 497
145 490
146 491
147 492
148 493
149 24
150 25
151 26
152 27
153 20
154 21
155 22
156 23
157 28
158 29
159 407
160 406
161 405
162 404
163 403
164 402
165 401
166 400
167 409
168 408
169 379
170 378
171 371
172 370
173 373
174 372
175 375
176 374
177 377
178 376
179 393
180 392
181 88
182 390
183 397
184 396
185 395
186 394
187 82
188 83
189 80
190 398
191 86
192 87
193 84
194 85
195 7
196 245
197 244
198 247
199 246
200 241
201 240
202 243
203 242
204 249
205 248
206 519
207 518
208 511
209 510
210 513
211 512
212 515
213 514
214 517
215 516
216 458
217 459
218 450
219 451
220 452
221 453
222 454
223 455
224 456
225 457
226 179
227 178
228 177
229 176
230 175
231 174
232 173
233 172
234 171
235 170
236 182
237 183
238 180
239 2
240 186
241 187
242 184
243 185
244 188
245 189
246 11
247 10
248 13
249 12
250 15
251 14
252 17
253 16
254 19
255 18
256 63
257 322
258 323
259 320
260 321
261 326
262 327
263 324
264 325
265 328
266 329
267 201
268 200
269 203
270 202
271 205
272 204
273 207
274 206
275 209
276 208
277 77
278 76
279 75
280 74
281 73
282 72
283 71
284 70
285 79
286 78
287 540
288 8
289 68
290 258
291 120
292 121
293 122
294 123
295 124
296 125
297 126
298 127
299 128
300 129
301 414
302 415
303 416
304 417
305 410
306 411
307 412
308 413
309 137
310 418
311 419
312 136
313 319
314 318
315 313
316 312
317 311
318 310
319 317
320 316
321 315
322 314
323 139
324 138
325 3
326 368
327 369
328 366
329 367
330 364
331 365
332 362
333 363
334 360
335 361
336 380
337 381
338 382
339 383
340 384
341 385
342 386
343 387
344 388
345 389
346 60
347 61
348 62
349 259
350 64
351 65
352 66
353 67
354 252
355 69
356 250
357 251
358 253
359 257
360 254
361 255
362 508
363 509
364 506
365 507
366 504
367 505
368 502
369 503
370 500
371 501
372 469
373 468
374 465
375 464
376 467
377 466
378 461
379 460
380 463
381 462
382 168
383 169
384 164
385 165
386 166
387 167
388 160
389 161
390 162
391 163
392 9
393 357
394 356
395 355
396 354
397 353
398 352
399 351
400 350
401 359
402 358
403 216
404 217
405 214
406 215
407 212
408 213
409 210
410 211
411 218
412 219
413 289
414 288
415 4
416 281
417 280
418 283
419 282
420 285
421 284
422 287
423 286
424 263
425 262
426 261
427 260
428 267
429 266
430 265
431 264
432 269
433 268
434 59
435 58
436 55
437 54
438 57
439 56
440 51
441 50
442 53
443 52
444 537
445 536
446 535
447 534
448 533
449 532
450 531
451 530
452 539
453 538
454 115
455 114
456 117
457 116
458 111
459 110
460 113
461 112
462 119
463 118
464 256
465 429
466 428
467 421
468 420
469 423
470 422
471 425
472 424
473 427
474 426
475 308
476 309
477 300
478 301
479 302
480 303
481 304
482 305
483 306
484 307
485 181
486 229
487 228
488 227
489 226
490 225
491 224
492 223
493 222
494 221
495 220
496 391
497 89
498 151
499 150
500 153
501 152
502 155
503 154
504 157
505 156
506 159
507 158
508 399
509 81
510 48
511 49
512 46
513 47
514 44
515 45
516 42
517 43
518 40
519 41
520 5
521 489
522 488
523 487
524 486
525 485
526 484
527 483
528 482
529 481
530 480
531 472
532 473
533 470
534 471
535 476
536 477
537 474
538 475
539 478
540 479
