0 344 1223.96 1199.07
1 345 1225.29 1041.19
2 346 1225.35 1417.44
3 347 1225.48 625.58
4 340 1221.35 1457.08
5 341 1221.35 744.96
6 342 1222.85 937.64
7 343 1223.85 260.68
8 348 1226.62 1131.22
9 349 1226.76 1422.59
10 298 1178.41 1174.74
11 299 1181.45 1472.63
12 296 1177.78 1231.90
13 297 1178.09 329.01
14 294 1174.52 438.52
15 295 1176.27 345.99
16 292 1173.62 1038.31
17 293 1174.51 972.23
18 290 1173.27 399.15
19 291 1173.40 424.29
20 270 116.64 1007.69
21 271 1162.09 1011.70
22 272 1162.32 1160.04
23 273 1162.54 1265.37
24 274 1163.19 28.30
25 275 1163.83 794.09
26 276 1163.87 1354.96
27 277 1166.53 646.16
28 278 1167.50 606.52
29 279 1168.26 1314.73
30 1132 648.55 1187.25
31 108 1019.97 172.62
32 109 1019.97 44.02
33 102 1007.28 71.62
34 103 1012.24 108.60
35 100 1002.44 854.60
36 101 1004.22 993.52
37 106 1013.90 55.06
38 107 1017.79 1054.70
39 104 1013.35 459.61
40 105 1013.53 497.60
41 99 1001.33 890.08
42 98 1001.33 832.42
43 91 967.75 1560.55
44 90 949.33 0.98
45 93 -0.41 736.56
46 92 97.94 1560.54
47 95 100.07 581.63
48 94 0.20 577.69
49 97 1001.33 596.27
50 96 100.34 1011.15
51 559 1431.49 787.16
52 558 1431.28 631.60
53 555 143.04 1532.08
54 554 143.04 1521.07
55 557 1430.84 1142.52
56 556 143.05 1487.89
57 551 1426.63 1372.91
58 550 1425.74 1034.54
59 553 1428.84 1261.15
60 552 1427.92 655.11
61 1199 710.85 193.11
62 1198 710.43 741.92
63 1191 703.33 1043.88
64 1190 701.62 80.64
65 1193 704.68 928.24
66 1192 703.46 335.47
67 1195 705.69 712.85
68 1194 705.35 1001.27
69 1197 71.70 856.57
70 1196 707.50 206.78
71 1177 691.54 195.63
72 1176 689.36 343.53
73 1175 689.12 1269.75
74 1174 687.43 801.44
75 1173 687.43 634.40
76 1172 685.74 884.28
77 1171 685.67 78.96
78 1170 683.04 1039.15
79 1179 693.12 521.99
80 1178 692.05 256.24
81 1007 530.88 978.96
82 1006 530.38 77.28
83 1005 53.09 258.62
84 1285 800.66 362.67
85 1284 797.34 893.40
86 1287 802.74 1488.19
87 1004 529.45 1249.56
88 1281 794.79 464.24
89 1280 793.27 1548.38
90 1283 797.33 1223.77
91 1282 795.30 1524.71
92 515 1386.49 1155.83
93 1289 806.21 747.06
94 1288 803.41 1316.42
95 514 1384.47 781.70
96 689 176.35 565.11
97 688 173.43 788.91
98 685 171.46 689.65
99 684 169.97 1042.76
100 687 172.95 1147.26
101 516 1387.60 1405.28
102 681 162.72 1127.58
103 680 158.93 1497.56
104 683 164.79 725.45
105 682 163.77 509.28
106 458 1324.21 514.49
107 1226 736.80 738.54
108 1225 734.43 989.78
109 1224 733.93 336.23
110 1223 733.03 510.90
111 626 1502.45 784.22
112 1221 729.64 135.74
113 1243 755.21 667.23
114 624 1500.92 7.43
115 407 1282.86 726.70
116 406 1282.50 1428.34
117 405 1282.28 1393.98
118 404 1280.90 935.67
119 1375 887.27 1400.95
120 1374 886.03 883.42
121 1377 888.38 206.96
122 400 1279.83 343.74
123 1379 890.31 1116.58
124 1378 889.36 1008.71
125 1342 854.81 1416.50
126 409 1284.35 427.49
127 408 1283.49 615.65
128 1343 858.19 1555.82
129 1344 86.02 885.22
130 455 1319.53 1124.34
131 456 132.42 1110.02
132 1347 862.40 440.01
133 1018 539.83 678.01
134 379 1255.22 903.05
135 378 1253.75 295.59
136 371 1241.47 432.25
137 370 1240.72 341.23
138 373 1245.11 296.49
139 372 1242.97 401.66
140 375 1252.75 354.77
141 374 1248.69 1180.17
142 377 1253.45 858.26
143 376 1253.13 1502.39
144 1019 539.83 750.01
145 393 127.60 57.89
146 392 127.01 670.39
147 391 1269.93 30.31
148 390 1269.64 1214.15
149 397 1275.82 323.18
150 396 1274.32 40.97
151 395 1271.81 16.52
152 394 1270.78 922.36
153 399 1278.15 1494.28
154 398 1277.32 404.92
155 1247 757.43 1405.68
156 245 1135.80 1341.78
157 244 1135.32 510.38
158 247 1137.15 1230.19
159 246 1136.82 945.18
160 241 1133.43 1475.34
161 240 1131.18 5.12
162 243 1133.77 1354.63
163 242 1133.77 1176.77
164 249 1138.81 759.25
165 248 1137.35 313.33
166 179 1075.62 767.01
167 178 1075.44 77.97
168 177 1075.44 393.65
169 176 1074.73 966.46
170 175 1074.29 956.27
171 174 1073.58 1257.24
172 173 1071.55 1434.43
173 172 1071.02 402.49
174 171 1070.20 1328.93
175 170 107.54 354.36
176 1364 879.16 1407.71
177 1115 635.64 446.95
178 1362 876.05 1016.47
179 1114 633.67 886.98
180 1142 66.45 349.44
181 1143 660.07 22.30
182 1140 657.34 898.48
183 1141 659.03 714.87
184 1146 662.07 831.53
185 1147 663.43 913.36
186 1144 660.49 360.99
187 1145 660.49 367.04
188 1148 663.62 1485.26
189 1149 664.52 349.58
190 692 178.26 1474.08
191 693 179.85 851.63
192 690 176.64 943.74
193 691 177.88 985.47
194 696 180.35 682.24
195 697 182.07 961.52
196 694 179.89 611.12
197 695 180.35 1060.04
198 698 183.18 1166.14
199 699 183.44 1488.58
200 542 142.32 862.99
201 543 142.93 545.45
202 540 142.14 125.52
203 541 142.32 675.32
204 546 1421.31 1124.56
205 547 1423.93 802.70
206 544 1420.15 748.95
207 545 1420.36 660.15
208 548 1424.14 697.52
209 549 1424.85 1467.81
210 761 249.23 35.58
211 414 1287.38 1320.14
212 415 1288.36 433.50
213 416 1288.93 1423.69
214 417 1288.93 855.15
215 1388 894.90 653.93
216 1389 898.28 425.11
217 412 1287.17 111.49
218 413 1287.35 511.23
219 1384 892.00 1226.47
220 1385 892.20 428.42
221 1386 892.76 337.36
222 1387 894.26 219.55
223 1380 890.47 580.75
224 419 1290.21 657.21
225 1382 890.59 951.48
226 1383 891.33 1494.28
227 368 124.84 349.25
228 369 1240.15 1341.20
229 366 1239.48 1231.89
230 367 124.04 1083.25
231 364 1236.23 1461.81
232 365 1236.60 888.41
233 362 1235.55 1446.26
234 363 1236.04 695.00
235 360 1233.57 60.40
236 361 1234.16 1180.89
237 380 1256.26 598.99
238 381 1257.26 517.75
239 382 1257.87 1438.14
240 383 1262.76 983.32
241 384 1263.21 920.34
242 385 1263.54 777.08
243 386 1263.87 1027.89
244 387 1264.32 1217.25
245 388 1265.54 374.58
246 389 1269.42 1402.84
247 258 1149.68 980.21
248 259 1149.90 733.75
249 252 1143.24 1239.66
250 253 1146.13 882.20
251 250 1139.52 1501.04
252 251 1142.56 1297.14
253 256 1148.84 7.32
254 257 1149.26 269.45
255 254 1146.79 1063.81
256 255 1148.71 831.46
257 168 1068.96 551.93
258 169 1069.53 1471.62
259 164 1065.47 1201.11
260 165 1067.71 25.54
261 166 1068.54 443.60
262 167 1068.81 62.51
263 160 1060.09 610.69
264 161 1060.54 1228.93
265 162 1061.20 918.90
266 163 1063.44 1375.59
267 1090 606.77 376.44
268 679 158.78 1532.08
269 670 1554.30 841.11
270 671 1554.93 1042.44
271 809 327.76 957.07
272 808 326.41 1441.58
273 803 319.37 946.70
274 802 319.36 527.53
275 801 319.32 1259.01
276 800 318.63 969.67
277 807 325.79 895.34
278 806 323.26 1315.67
279 805 323.26 1126.01
280 804 322.47 1214.15
281 1159 673.16 615.12
282 1158 672.89 1235.94
283 1155 67.04 385.03
284 1154 668.50 826.46
285 1157 671.20 788.59
286 1156 67.74 684.71
287 1151 665.86 337.49
288 1150 665.79 759.51
289 1153 667.62 178.42
290 1152 666.81 987.75
291 59 272.45 816.82
292 58 235.50 1560.19
293 55 187.30 1560.54
294 54 1560.43 1222.87
295 57 230.40 1352.65
296 56 228.65 0.88
297 51 1559.93 998.59
298 50 1559.93 925.40
299 53 1560.18 847.49
300 52 1560.11 1394.20
301 537 1415.54 1448.30
302 536 1413.65 688.28
303 535 1412.66 1343.42
304 534 1412.44 1512.61
305 533 1411.13 799.13
306 532 1409.87 588.35
307 531 1407.77 645.88
308 530 1406.93 725.65
309 539 1418.69 639.16
310 538 1418.20 1527.24
311 429 1298.14 74.19
312 428 1298.14 371.07
313 1399 906.85 115.47
314 1398 904.88 905.60
315 1397 904.88 683.86
316 1396 904.88 1005.38
317 1395 904.85 1489.54
318 1394 901.47 1250.14
319 425 1295.14 1161.59
320 424 1294.47 1073.56
321 427 1295.66 663.09
322 1390 898.28 442.77
323 853 374.41 1292.85
324 229 1122.62 442.50
325 228 1121.24 34.92
326 227 1120.25 1253.19
327 226 112.69 839.78
328 225 112.19 633.35
329 224 1119.59 79.07
330 223 1116.19 1242.36
331 222 1115.17 1074.31
332 221 1115.17 100.04
333 220 1114.84 1466.21
334 151 1051.60 1103.39
335 150 1051.23 585.19
336 153 1053.06 24.47
337 152 1052.28 1206.18
338 155 1055.32 1437.13
339 154 1053.35 361.24
340 157 1056.40 64.44
341 156 1055.66 1218.36
342 159 106.36 634.31
343 158 1057.88 646.16
344 818 339.00 1477.00
345 0 -0.05 1559.14
346 810 327.98 1165.36
347 811 33.17 696.07
348 812 33.23 238.76
349 813 331.90 1419.11
350 814 333.49 1279.47
351 815 335.92 791.05
352 816 337.88 1404.34
353 817 338.21 1525.00
354 1490 992.77 1283.96
355 421 1293.37 316.66
356 1492 996.90 702.71
357 1493 996.90 955.49
358 1494 997.50 1455.05
359 1495 998.01 929.99
360 420 1292.49 37.83
361 423 1294.47 1010.15
362 422 1293.87 302.62
363 1393 900.97 182.62
364 1392 9.44 477.23
365 1391 899.34 665.01
366 426 1295.14 839.19
367 1128 642.02 91.55
368 1129 643.48 794.67
369 1120 638.44 1497.85
370 1121 639.01 428.45
371 1122 639.22 85.61
372 1123 640.09 693.91
373 1124 640.77 563.39
374 1125 641.11 844.38
375 1126 641.45 804.82
376 1127 642.02 415.56
377 524 1395.59 651.33
378 525 1396.01 701.30
379 526 1399.16 768.22
380 527 1400.02 1290.42
381 520 1390.97 695.00
382 521 1392.04 1072.68
383 522 1394.82 976.66
384 523 1395.17 532.93
385 1014 535.61 1026.30
386 1015 536.53 1266.88
387 1016 538.94 386.51
388 1017 539.19 96.16
389 528 1401.26 852.66
390 529 1402.68 1091.75
391 1012 534.17 1384.92
392 1013 534.91 536.93
393 1234 743.89 876.12
394 1235 744.92 1084.79
395 1236 745.25 1015.48
396 1237 748.97 908.96
397 1230 740.79 535.30
398 1231 740.84 744.75
399 1232 743.17 353.02
400 1233 743.59 83.99
401 1238 749.46 370.43
402 1239 749.66 503.14
403 438 1302.01 1191.97
404 439 1302.52 29.68
405 436 1300.49 684.71
406 437 1300.89 468.61
407 434 130.74 538.77
408 435 1300.02 821.89
409 432 130.47 708.41
410 433 130.47 807.68
411 430 1298.68 812.58
412 431 1298.89 355.77
413 238 1131.05 587.40
414 239 1131.07 1248.45
415 234 113.43 874.60
416 235 113.83 607.58
417 236 1130.16 855.15
418 237 1130.39 1379.65
419 230 1123.29 862.36
420 231 1125.99 1547.02
421 232 1128.42 15.60
422 233 1129.94 742.62
423 1 -0.06 465.94
424 146 1046.87 1187.25
425 147 1048.67 484.44
426 144 1046.46 136.19
427 145 1046.79 806.92
428 142 1044.17 1175.75
429 143 1045.91 194.14
430 140 1043.00 96.13
431 141 1043.49 1081.75
432 148 1049.22 113.01
433 149 1050.12 862.36
434 939 463.48 719.08
435 938 463.34 1436.86
436 933 457.83 1285.76
437 932 457.79 1029.24
438 931 455.47 835.00
439 930 455.47 1441.58
440 937 463.00 799.29
441 936 461.38 502.35
442 935 460.19 1270.81
443 934 459.62 793.01
444 829 353.16 1151.19
445 828 350.02 1362.10
446 825 345.88 492.94
447 824 345.29 1188.18
448 827 347.23 331.78
449 826 346.87 1298.35
450 821 341.59 797.06
451 820 340.57 1155.91
452 823 344.64 53.57
453 822 343.57 921.51
454 1483 986.92 935.53
455 1482 985.48 379.86
456 1481 985.33 1198.75
457 1480 983.60 864.58
458 1487 991.27 275.27
459 1486 990.99 391.45
460 1485 990.25 962.14
461 1484 989.06 268.65
462 1489 992.46 812.47
463 1488 992.46 576.32
464 797 309.74 1488.07
465 796 309.09 1236.18
466 795 305.16 1510.84
467 794 304.99 698.79
468 793 304.37 1326.68
469 792 302.80 1136.24
470 791 30.48 187.64
471 790 299.53 1436.00
472 799 316.77 1465.20
473 798 31.46 477.63
474 1270 784.03 859.03
475 1271 784.30 317.76
476 610 1486.49 920.26
477 1139 655.99 875.49
478 1273 789.57 871.23
479 1133 649.22 879.55
480 616 1498.03 1384.44
481 1131 646.22 111.69
482 1130 644.15 634.40
483 1137 651.25 246.00
484 1136 650.91 781.15
485 1135 650.20 7.39
486 1134 649.88 551.93
487 614 149.48 927.93
488 1277 791.79 727.10
489 519 1390.56 963.35
490 518 139.85 1078.81
491 1009 531.13 686.23
492 1008 531.02 1328.26
493 511 1382.16 600.53
494 510 1380.51 1128.56
495 513 1384.39 421.22
496 512 1382.58 944.19
497 1003 529.19 840.66
498 1002 528.66 1434.50
499 1001 528.66 1372.33
500 1000 528.17 971.52
501 1227 738.49 1281.93
502 622 1500.56 861.69
503 621 1500.24 1397.74
504 620 150.01 567.86
505 627 1507.91 743.92
506 1222 732.67 450.81
507 625 1502.03 1093.25
508 1220 728.90 325.32
509 629 1508.01 1449.41
510 628 1507.91 950.49
511 1229 740.71 106.21
512 1228 738.49 1364.43
513 2 -0.08 262.77
514 1286 800.66 801.38
515 11 0.40 345.51
516 10 0.17 405.65
517 13 0.56 1448.26
518 12 0.40 543.68
519 15 0.59 5.20
520 14 0.59 156.58
521 17 1.42 1182.04
522 16 0.79 511.05
523 19 1026.58 1559.20
524 18 1.47 1499.14
525 201 1094.89 1142.61
526 200 1094.75 115.50
527 203 1097.25 1393.85
528 202 1096.68 616.23
529 205 1098.94 1556.49
530 204 1098.85 236.93
531 207 1099.96 1424.28
532 206 1099.62 1032.38
533 209 1100.01 628.43
534 208 110.78 1517.92
535 686 171.63 535.23
536 928 453.82 752.42
537 929 454.34 819.98
538 920 444.84 640.35
539 921 446.65 834.85
540 922 446.81 1065.41
541 923 446.81 1522.64
542 924 448.39 1422.70
543 925 449.75 876.48
544 926 450.64 99.94
545 927 451.40 672.21
546 832 358.67 1523.43
547 833 360.25 1103.19
548 830 354.61 501.00
549 831 358.63 775.13
550 836 363.39 1468.34
551 837 364.18 1111.84
552 834 361.10 1006.71
553 835 362.61 1329.05
554 838 364.18 1534.45
555 839 364.97 1318.03
556 3 -0.19 208.09
557 784 29.30 41.38
558 785 290.99 1307.01
559 786 290.99 1372.33
560 787 291.09 1549.64
561 780 284.41 1471.89
562 781 287.59 1339.63
563 782 288.75 838.55
564 783 289.42 1274.74
565 788 291.46 1003.74
566 789 297.29 1333.77
567 60 278.40 498.65
568 61 288.28 1560.19
569 62 303.76 1560.54
570 63 346.45 1560.55
571 64 354.95 1.73
572 65 358.00 1560.27
573 66 383.37 1560.62
574 67 387.68 1.73
575 68 39.52 0.88
576 69 430.29 1561.20
577 1371 884.18 191.85
578 1370 883.89 1546.35
579 1373 886.03 526.43
580 1038 556.57 925.53
581 1372 885.24 1427.32
582 508 138.32 1548.61
583 509 138.50 1136.77
584 1032 553.53 835.93
585 403 1280.76 815.71
586 1030 553.05 1425.06
587 505 1376.07 1203.95
588 502 1372.52 1530.34
589 503 1374.30 1389.76
590 500 1371.66 885.62
591 402 128.78 405.08
592 1212 718.54 668.21
593 1213 718.54 695.94
594 1210 718.20 1215.65
595 1211 718.24 299.88
596 1216 722.60 750.04
597 1217 726.68 445.21
598 636 1515.99 1114.59
599 637 1516.09 846.99
600 638 1516.30 1107.52
601 639 1517.54 1214.15
602 1218 727.33 1059.77
603 1219 728.01 689.85
604 1454 961.47 199.66
605 1107 625.55 1006.68
606 1456 962.30 327.43
607 1457 963.64 544.17
608 1450 956.99 503.14
609 1103 620.87 379.12
610 1100 619.16 1451.03
611 1453 959.20 744.84
612 1458 963.69 1540.94
613 1459 965.04 1159.52
614 1108 628.26 997.22
615 1109 628.46 50.85
616 216 1111.03 539.08
617 217 1111.45 1176.77
618 214 111.20 805.21
619 215 111.48 366.94
620 212 1109.09 1058.08
621 213 1109.43 1171.36
622 210 1105.55 842.40
623 211 1107.40 1245.07
624 218 1112.20 872.34
625 219 1114.42 699.38
626 462 1326.18 1363.82
627 4 -0.19 383.46
628 919 443.67 823.45
629 918 442.09 1493.52
630 915 440.77 711.84
631 914 439.64 922.46
632 917 442.09 1466.77
633 916 441.30 1358.16
634 911 435.01 1497.46
635 910 434.22 1099.25
636 913 439.22 355.96
637 912 438.35 798.81
638 847 370.06 18.52
639 846 37.62 836.32
640 845 37.62 727.67
641 844 37.55 115.69
642 843 369.69 1441.58
643 842 369.60 123.85
644 841 368.12 1436.07
645 840 368.04 511.75
646 849 371.26 1048.88
647 848 370.23 932.87
648 663 155.65 1012.63
649 1039 557.78 1314.09
650 753 234.74 13.66
651 752 234.18 1029.92
652 751 232.69 837.81
653 750 231.97 1162.99
654 757 24.78 466.22
655 756 239.84 1327.47
656 755 235.90 844.47
657 754 234.94 610.72
658 759 246.77 914.11
659 758 241.58 1006.21
660 506 1376.28 807.53
661 507 1377.85 1540.10
662 504 1375.85 1379.34
663 1025 545.97 1287.34
664 1024 545.91 113.79
665 1027 546.59 722.47
666 1026 546.43 999.92
667 1021 541.63 614.15
668 1020 540.01 871.77
669 1023 544.40 1403.02
670 1022 544.40 1022.91
671 1036 555.73 392.55
672 1029 549.49 669.31
673 1028 548.33 1218.08
674 1037 555.90 991.81
675 1034 554.88 850.13
676 1035 555.42 1360.52
677 605 1483.97 1004.65
678 604 1481.67 818.86
679 607 1485.39 1103.06
680 606 1484.72 1360.94
681 601 1479.78 1041.18
682 600 1479.62 1181.11
683 603 148.83 53.96
684 602 148.49 976.83
685 1205 713.81 1044.22
686 1204 713.62 850.41
687 1207 715.08 451.23
688 1206 714.82 1248.79
689 609 1486.07 885.83
690 1200 710.86 548.60
691 1203 713.47 1027.65
692 1202 713.37 133.52
693 633 1513.55 1350.74
694 634 1514.62 993.32
695 635 1515.46 775.83
696 1214 720.91 961.37
697 1215 721.65 241.53
698 1447 952.91 277.20
699 1110 628.60 1042.19
700 1113 631.30 821.72
701 1112 628.94 911.33
702 1443 949.05 409.66
703 1442 947.01 712.69
704 1441 945.43 1210.92
705 1116 636.37 925.53
706 1119 638.20 1425.09
707 1118 638.07 745.98
708 467 133.89 575.33
709 1449 956.22 290.45
710 1448 955.57 1440.17
711 466 133.18 934.85
712 461 1325.97 519.76
713 450 1316.66 632.86
714 460 1325.07 1238.98
715 463 1326.72 425.23
716 489 1353.90 1216.36
717 488 1353.19 832.30
718 487 1352.80 500.45
719 486 1350.67 614.81
720 485 135.40 834.84
721 1354 87.77 1548.19
722 483 1348.57 649.65
723 482 1348.57 557.28
724 481 1345.53 479.64
725 480 1345.03 1473.58
726 199 1094.46 862.36
727 198 1092.54 37.13
728 195 1088.92 903.38
729 194 1088.92 704.93
730 197 1092.18 1184.54
731 196 1091.14 758.14
732 191 1086.20 474.51
733 190 1085.76 1469.59
734 193 1088.12 1134.50
735 192 1087.78 1370.86
736 1106 624.88 970.84
737 1455 961.66 1152.08
738 1104 621.50 859.26
739 1105 624.39 191.44
740 1102 620.82 893.07
741 1451 956.99 980.99
742 1452 957.60 1416.50
743 1101 62.72 166.02
744 902 424.70 644.88
745 903 425.24 881.19
746 900 419.27 1536.81
747 901 422.02 955.03
748 906 43.65 494.53
749 907 430.62 752.42
750 904 427.24 713.77
751 905 428.81 323.22
752 908 433.43 1471.49
753 909 433.85 36.99
754 854 374.41 1493.52
755 855 375.43 553.38
756 856 376.77 1462.83
757 857 378.35 1346.36
758 850 371.52 1555.76
759 851 371.67 674.63
760 852 373.76 150.90
761 819 339.41 1543.09
762 858 378.79 441.91
763 859 38.72 1500.95
764 6 -0.19 669.31
765 740 22.02 459.15
766 741 222.10 1534.50
767 742 222.13 1458.52
768 743 222.53 1310.95
769 744 223.54 588.31
770 745 224.10 1273.96
771 746 226.03 676.07
772 747 226.46 1321.18
773 748 226.93 1504.81
774 749 228.00 928.43
775 1050 568.75 653.67
776 1051 570.10 1020.21
777 1052 570.15 1388.98
778 1053 570.50 581.92
779 1054 570.67 204.87
780 1055 572.47 1055.71
781 1056 572.77 84.41
782 1057 575.51 1004.66
783 1058 575.51 991.81
784 1059 575.85 764.92
785 1278 791.79 785.86
786 1279 792.59 1486.16
787 618 1498.69 1123.46
788 619 1499.58 1221.46
789 612 1488.59 1044.54
790 613 1489.43 946.71
791 1272 786.17 984.03
792 611 1486.94 1493.09
793 1274 79.23 380.31
794 617 1498.67 777.92
795 1276 791.24 1467.90
796 615 1491.11 764.49
797 1491 993.48 88.18
798 1472 977.20 320.80
799 1473 978.03 120.19
800 1470 974.44 399.73
801 1471 974.71 71.62
802 1476 980.27 918.90
803 1477 981.27 1246.76
804 1474 978.05 790.29
805 1475 978.58 471.20
806 1478 982.29 1406.70
807 1479 982.99 261.47
808 1304 818.40 802.49
809 1305 819.51 842.40
810 1306 819.98 941.42
811 1307 82.77 209.66
812 1300 816.60 1079.38
813 1301 817.42 94.80
814 1302 817.45 453.33
815 1303 818.40 751.49
816 1308 823.36 1044.89
817 1309 823.70 1461.81
818 498 137.38 668.90
819 499 137.43 598.93
820 494 1366.31 1294.42
821 495 1367.42 1061.81
822 496 1368.72 547.21
823 497 1368.72 909.55
824 490 1354.73 1165.52
825 491 1359.88 1351.85
826 492 1360.22 948.98
827 493 1363.83 383.61
828 24 1096.96 0.70
829 25 1123.57 0.40
830 26 1130.73 1560.55
831 27 1149.21 0.40
832 20 1029.63 1.80
833 21 1050.60 0.70
834 22 1078.75 1.25
835 23 1089.48 1560.55
836 28 1199.71 1559.87
837 29 1228.24 0.53
838 7 -0.59 135.35
839 972 498.09 892.43
840 1087 600.53 735.50
841 1086 60.95 435.95
842 1085 60.34 896.57
843 1084 6.49 402.72
844 1083 599.86 688.84
845 1082 599.52 764.92
846 977 506.87 869.74
847 976 505.84 1306.22
848 975 505.05 1477.00
849 974 503.16 1083.05
850 973 499.99 581.92
851 1081 595.80 1014.80
852 971 497.79 797.36
853 970 493.24 1447.88
854 1080 595.46 807.52
855 979 507.72 294.68
856 978 506.88 15.16
857 182 1079.16 974.45
858 183 1080.05 710.47
859 180 1077.30 1116.92
860 181 1077.83 872.34
861 186 1084.07 1523.35
862 187 1084.49 792.51
863 184 1082.06 107.22
864 185 1083.05 1427.66
865 188 1085.08 1189.62
866 189 1085.37 24.98
867 869 390.10 928.10
868 868 39.32 530.71
869 861 381.35 1005.22
870 860 381.34 815.72
871 863 381.49 1554.91
872 862 381.49 1264.51
873 865 388.52 189.76
874 864 387.00 1242.48
875 867 389.45 1029.24
876 866 389.07 692.99
877 883 405.31 253.55
878 882 404.98 474.81
879 881 404.32 1330.62
880 880 403.86 959.84
881 887 407.46 1183.46
882 886 406.68 1428.20
883 885 406.32 546.67
884 884 406.32 504.36
885 889 409.20 975.32
886 888 408.25 1071.71
887 775 276.83 1254.28
888 774 269.73 987.45
889 777 282.57 1021.03
890 776 277.02 1455.00
891 771 263.45 1354.23
892 770 262.24 1482.09
893 773 268.96 1180.31
894 772 266.60 1311.73
895 779 283.32 831.63
896 778 282.91 575.73
897 77 647.37 0.90
898 76 634.56 0.87
899 75 609.70 1.31
900 74 56.16 1560.37
901 73 542.97 365.69
902 72 499.56 0.73
903 71 493.24 1547.04
904 70 455.12 918.19
905 79 678.53 2.15
906 78 662.84 1559.23
907 1043 560.29 780.47
908 1042 56.89 1520.03
909 1041 56.39 650.63
910 1040 559.96 955.29
911 1047 563.02 671.73
912 1046 561.98 1019.53
913 1045 560.97 900.85
914 1044 560.43 594.68
915 1049 565.70 816.31
916 1048 564.38 170.87
917 1269 783.04 437.38
918 1268 781.62 184.33
919 669 1553.67 926.14
920 668 1553.25 1026.49
921 1263 778.05 961.71
922 1262 777.38 668.34
923 665 1551.15 1001.71
924 1260 774.00 985.38
925 1267 780.71 713.79
926 662 1549.89 975.68
927 1265 778.49 759.25
928 1264 778.26 421.58
929 1469 972.51 864.58
930 1468 971.80 1505.10
931 1465 969.78 1228.50
932 8 -0.59 427.89
933 1467 971.80 1176.43
934 1466 971.40 75.48
935 1461 968.42 1469.25
936 1460 965.33 444.71
937 1463 969.10 1206.18
938 1462 968.92 388.14
939 1317 828.38 769.23
940 1316 828.10 952.92
941 1315 827.53 234.24
942 1314 827.27 860.14
943 1313 826.41 1383.37
944 1312 825.05 1214.98
945 1311 824.17 178.00
946 1310 823.94 582.97
947 1319 830.60 538.62
948 1318 829.11 1230.53
949 1010 531.22 1.73
950 464 1326.98 1147.14
951 1011 534.03 770.30
952 319 1196.16 664.35
953 318 1196.02 1050.95
954 313 1190.92 1011.70
955 312 1190.49 751.47
956 311 1187.76 823.90
957 310 1187.20 1251.16
958 317 1195.02 258.17
959 316 1192.27 1522.00
960 315 1191.88 266.95
961 314 1191.59 1407.71
962 1335 85.03 719.28
963 1334 849.74 896.79
964 1337 851.77 1011.08
965 440 1304.66 367.56
966 447 1313.43 495.69
967 1330 841.71 94.80
968 1333 847.25 250.61
969 444 1309.52 629.50
970 630 1509.56 1415.93
971 631 151.68 1515.85
972 632 1512.32 800.81
973 964 486.39 1053.33
974 965 488.41 228.37
975 966 49.47 864.47
976 967 491.51 722.47
977 960 480.65 1410.89
978 961 483.78 796.88
979 962 483.80 1430.57
980 963 484.11 1133.33
981 401 128.09 1518.71
982 968 491.67 1294.42
983 969 492.96 750.01
984 1241 75.27 482.73
985 878 402.74 1510.84
986 879 402.80 996.67
987 876 399.60 1269.24
988 877 400.18 731.65
989 874 398.81 1456.54
990 875 398.81 1485.65
991 872 397.96 837.77
992 873 398.02 1380.20
993 870 390.94 1048.88
994 871 392.51 1316.45
995 1242 751.34 1027.65
996 9 0.00 372.64
997 1245 756.07 1041.17
998 1244 755.21 754.82
999 890 411.34 923.00
1000 891 411.40 1347.15
1001 892 413.71 456.01
1002 893 413.71 690.58
1003 894 413.76 1304.65
1004 895 413.76 1539.95
1005 896 415.33 1055.97
1006 897 416.39 526.52
1007 898 418.48 1259.79
1008 899 419.27 1451.81
1009 1246 756.41 1057.07
1010 1249 760.21 388.91
1011 1248 758.37 44.58
1012 768 255.20 1514.10
1013 769 259.12 902.75
1014 762 249.49 1055.10
1015 763 249.58 1457.11
1016 760 248.70 628.42
1017 640 152.19 993.37
1018 766 254.79 57.30
1019 767 255.06 296.36
1020 764 250.86 1155.13
1021 765 250.86 1321.18
1022 1078 593.82 403.30
1023 1079 594.11 1088.18
1024 1076 592.66 577.22
1025 1077 592.76 773.71
1026 1074 592.08 845.39
1027 1075 592.42 694.25
1028 1072 590.05 804.14
1029 1073 591.74 1004.66
1030 1070 589.04 968.81
1031 1071 59.97 223.03
1032 1094 611.69 760.18
1033 1095 611.69 858.92
1034 1096 613.38 707.10
1035 1097 617.38 19.71
1036 678 158.62 670.39
1037 1091 608.50 407.39
1038 1092 608.65 867.37
1039 1093 609.97 519.77
1040 674 1558.78 1365.37
1041 675 158.12 797.31
1042 676 158.27 617.80
1043 677 158.37 934.85
1044 1098 617.73 503.14
1045 1099 618.81 410.40
1046 672 1556.12 1325.90
1047 673 1556.26 1178.18
1048 1418 924.47 1174.40
1049 1419 924.77 414.63
1050 1410 917.70 1160.87
1051 1411 917.70 1524.71
1052 1412 92.32 1517.31
1053 1413 920.40 558.58
1054 1414 920.40 645.06
1055 1415 921.46 303.69
1056 1416 922.62 718.23
1057 1417 922.83 487.20
1058 1322 836.55 1513.21
1059 1323 836.74 86.52
1060 1320 835.20 1241.35
1061 1321 836.46 351.16
1062 1326 839.47 827.99
1063 1327 84.15 424.94
1064 1324 837.25 880.10
1065 1325 839.47 549.71
1066 1328 840.95 956.98
1067 1329 841.62 1138.90
1068 5 -0.19 64.18
1069 1256 768.59 897.47
1070 1257 768.59 964.42
1071 1254 767.40 588.51
1072 1255 767.57 1453.70
1073 1252 762.97 795.84
1074 1253 763.51 1431.38
1075 1250 761.15 944.81
1076 1251 762.97 727.10
1077 1258 768.85 7.60
1078 1259 772.54 276.63
1079 308 1186.24 185.46
1080 309 1186.52 1309.32
1081 300 1181.46 766.38
1082 301 1181.61 902.60
1083 302 1182.05 718.23
1084 303 1182.94 989.97
1085 304 1183.16 1130.33
1086 305 1184.15 1493.60
1087 306 1184.93 1145.85
1088 307 1186.18 1525.38
1089 623 1500.77 1006.33
1090 471 1334.47 865.17
1091 959 48.17 142.43
1092 958 479.91 833.12
1093 951 472.66 716.18
1094 950 472.13 471.46
1095 953 475.08 750.97
1096 952 474.07 820.71
1097 955 475.14 1512.41
1098 954 475.14 1269.24
1099 957 479.87 1236.18
1100 956 479.08 1339.28
1101 667 1552.13 1225.68
1102 666 1551.69 1329.89
1103 1261 775.16 837.97
1104 664 155.65 1047.70
1105 719 201.69 623.51
1106 718 201.28 1536.02
1107 717 201.28 1262.94
1108 716 201.12 528.94
1109 715 20.45 503.58
1110 714 2.36 465.83
1111 713 197.34 1199.20
1112 712 196.21 1520.00
1113 711 196.15 1087.21
1114 710 194.44 604.82
1115 661 1548.63 897.59
1116 660 1546.81 1369.36
1117 1069 588.47 1436.07
1118 1068 587.46 269.50
1119 1061 577.22 630.94
1120 1060 576.86 898.48
1121 1063 578.15 515.67
1122 1062 577.88 810.90
1123 1065 580.60 1409.32
1124 1064 579.90 616.17
1125 1067 585.32 1299.93
1126 1066 583.29 756.13
1127 591 1467.81 820.54
1128 590 1466.55 694.58
1129 593 1473.64 1444.75
1130 592 1468.76 1432.34
1131 595 1474.11 812.98
1132 594 1473.90 905.98
1133 597 1477.26 748.11
1134 596 1474.52 1393.31
1135 599 1478.74 1164.26
1136 598 1478.51 1407.06
1137 1089 604.93 643.19
1138 1088 600.53 939.73
1139 1409 917.04 279.41
1140 1408 916.35 1116.92
1141 1403 911.24 466.23
1142 1402 91.82 378.34
1143 1401 91.03 232.86
1144 1400 907.10 612.90
1145 1407 915.24 208.64
1146 1406 914.86 631.75
1147 1405 912.29 1424.62
1148 1404 911.62 1539.59
1149 449 1316.24 842.79
1150 448 1314.43 578.93
1151 1339 852.77 569.67
1152 1338 851.77 954.27
1153 443 1307.11 1185.10
1154 442 1306.00 1484.22
1155 441 1305.56 1094.85
1156 1336 850.19 444.93
1157 1331 842.64 1251.49
1158 446 1311.55 1368.70
1159 445 131.95 1058.07
1160 1332 843.31 1545.67
1161 501 1372.50 608.09
1162 39 1559.23 1524.58
1163 38 1559.22 39.40
1164 33 1430.62 1560.50
1165 32 142.01 1560.73
1166 31 1349.02 1560.50
1167 30 1276.29 1560.06
1168 37 1559.13 1080.65
1169 36 1510.89 1560.06
1170 35 1501.93 1.15
1171 34 1483.39 1560.06
1172 641 1521.76 916.48
1173 1240 749.99 1458.43
1174 643 1525.12 889.19
1175 642 1524.19 1230.11
1176 645 1529.51 1338.76
1177 644 1527.85 855.39
1178 647 1530.84 1275.35
1179 646 1529.51 1380.01
1180 649 1533.52 934.12
1181 648 1533.10 940.41
1182 339 1221.35 108.98
1183 338 1220.67 1400.27
1184 335 1215.09 1025.23
1185 334 1212.87 1091.75
1186 337 1218.42 988.64
1187 336 1217.15 550.85
1188 331 1209.17 702.14
1189 330 1206.44 895.95
1190 333 1210.88 970.90
1191 332 121.31 390.53
1192 1464 969.18 769.23
1193 1353 869.69 1551.76
1194 948 47.80 1167.56
1195 949 470.42 1217.30
1196 946 469.34 655.70
1197 947 469.94 164.57
1198 944 466.38 749.53
1199 945 468.85 1482.51
1200 942 465.28 767.96
1201 943 466.33 996.67
1202 940 464.45 816.69
1203 941 464.91 1460.47
1204 133 1037.63 81.55
1205 132 1037.35 23.33
1206 131 1036.05 1060.79
1207 130 1035.70 867.90
1208 137 1039.43 1160.20
1209 136 1039.03 778.10
1210 135 1038.73 186.42
1211 134 1038.08 1107.45
1212 139 1042.36 876.77
1213 138 1041.25 794.73
1214 708 193.68 1079.80
1215 709 194.17 1033.37
1216 704 187.90 1499.03
1217 705 189.47 1141.75
1218 706 189.73 982.01
1219 707 19.86 2.45
1220 700 184.61 532.08
1221 701 186.54 1541.05
1222 702 186.58 608.76
1223 703 187.51 851.88
1224 88 886.59 1559.87
1225 89 937.99 1559.20
1226 82 770.09 0.90
1227 83 792.59 1559.87
1228 80 698.25 1560.02
1229 81 732.43 0.42
1230 86 851.66 599.60
1231 87 870.26 1558.44
1232 84 847.78 0.42
1233 85 85.05 1263.85
1234 410 1286.23 15.89
1235 411 1286.75 999.55
1236 586 1463.40 798.92
1237 587 1463.44 1508.61
1238 584 1462.77 1088.84
1239 585 1462.98 758.61
1240 582 1460.11 1107.49
1241 583 1461.66 1362.71
1242 580 1458.56 1493.09
1243 581 1458.99 847.83
1244 588 1463.66 1136.32
1245 589 1465.50 1000.45
1246 1436 942.05 1411.77
1247 1437 942.10 174.23
1248 1434 940.70 1205.51
1249 1435 940.70 1246.08
1250 1432 938.14 594.06
1251 1433 940.36 932.21
1252 1430 936.63 163.24
1253 1431 936.64 1547.70
1254 418 129.17 530.90
1255 1438 942.57 947.73
1256 1439 944.79 554.14
1257 1349 865.99 484.99
1258 1348 865.29 1131.46
1259 459 1324.46 463.59
1260 1340 853.46 1268.40
1261 451 1317.63 920.23
1262 452 1318.42 1242.09
1263 453 1319.20 397.15
1264 454 1319.45 303.12
1265 1345 860.56 927.90
1266 1346 862.40 347.85
1267 457 1320.45 426.48
1268 517 1387.61 595.07
1269 1266 779.74 1491.57
1270 656 1540.16 1401.74
1271 657 1540.82 1148.29
1272 654 154.42 703.23
1273 655 154.66 1073.87
1274 652 1538.14 1073.09
1275 653 1538.56 779.60
1276 650 1535.41 829.36
1277 651 1537.94 1481.12
1278 658 1543.71 1268.25
1279 659 1546.11 1087.79
1280 1376 887.51 77.69
1281 322 12.98 482.34
1282 323 120.22 1559.63
1283 320 1196.24 1029.44
1284 321 12.00 598.14
1285 326 1202.01 956.27
1286 327 1203.71 818.86
1287 324 1201.74 1340.09
1288 325 1201.74 1469.25
1289 328 1203.77 1351.58
1290 329 1205.67 187.96
1291 1341 854.55 297.47
1292 995 521.69 636.12
1293 994 520.00 1219.66
1294 997 523.15 1229.10
1295 996 522.08 956.64
1296 991 519.38 1012.77
1297 990 518.08 821.04
1298 993 52.69 317.99
1299 992 519.53 726.33
1300 999 527.83 796.70
1301 998 525.85 487.57
1302 120 1027.93 1045.91
1303 121 1029.35 102.53
1304 122 1030.64 1124.36
1305 123 1031.32 1092.57
1306 124 1032.38 749.27
1307 125 1032.38 935.53
1308 126 1032.66 145.57
1309 127 1033.77 166.55
1310 128 1034.32 113.56
1311 129 1034.36 1376.94
1312 579 1457.94 950.07
1313 578 1457.10 793.04
1314 573 1452.48 717.04
1315 572 145.40 1537.59
1316 571 1448.71 903.88
1317 570 1447.66 872.60
1318 577 1456.68 755.25
1319 576 1454.79 702.56
1320 575 1453.11 1045.59
1321 574 1452.48 785.48
1322 1209 717.15 293.42
1323 1208 716.17 1473.31
1324 1421 925.58 327.43
1325 1420 924.83 570.77
1326 1423 928.52 1448.97
1327 1422 926.49 1140.59
1328 1425 931.49 749.27
1329 1424 930.89 1090.88
1330 1427 933.26 1191.31
1331 1426 931.90 1155.46
1332 1429 935.96 1478.04
1333 1428 933.26 1308.98
1334 731 210.47 652.11
1335 730 210.36 1513.44
1336 733 214.17 949.17
1337 732 211.51 1281.83
1338 735 216.23 1130.73
1339 734 215.19 1462.35
1340 737 217.21 1539.08
1341 736 216.92 1488.58
1342 739 22.02 279.06
1343 738 218.59 1302.29
1344 1359 873.07 1502.39
1345 1358 871.38 1070.59
1346 469 1331.35 912.49
1347 468 133.92 626.43
1348 465 1327.57 906.61
1349 1352 868.29 591.84
1350 1351 866.64 1053.01
1351 1350 866.07 534.19
1352 1357 871.04 1435.44
1353 1356 871.04 1141.94
1354 1355 870.36 1445.58
1355 608 1485.61 1424.35
1356 1275 791.01 333.71
1357 1138 654.61 145.27
1358 49 1559.93 1322.44
1359 357 1232.16 1017.91
1360 356 1231.69 34.07
1361 355 1231.06 17.77
1362 354 1230.37 743.08
1363 353 1229.95 958.04
1364 352 1229.68 298.10
1365 351 1226.84 996.62
1366 350 1226.81 682.40
1367 359 1233.19 435.51
1368 358 1233.10 753.78
1369 1033 553.87 932.97
1370 1111 628.93 354.28
1371 1446 952.87 1131.12
1372 1445 951.81 421.25
1373 289 1173.08 370.38
1374 288 1172.32 1220.72
1375 1444 950.84 1303.57
1376 281 117.37 509.28
1377 280 1169.86 670.56
1378 283 1170.57 231.84
1379 282 1170.01 563.89
1380 285 1171.74 498.79
1381 284 1171.41 1282.66
1382 287 1172.02 633.36
1383 286 1171.98 1375.93
1384 1117 637.28 11.30
1385 1440 944.79 781.42
1386 263 1154.74 1321.49
1387 262 1154.06 1291.06
1388 261 1151.23 1109.49
1389 260 1151.02 1536.20
1390 267 1157.44 1059.37
1391 266 1157.41 197.99
1392 265 1155.66 1123.23
1393 264 1154.74 1341.78
1394 1031 553.46 138.13
1395 269 1158.79 798.71
1396 268 1157.44 1216.67
1397 1295 808.42 867.90
1398 988 516.07 1319.60
1399 989 516.07 1416.40
1400 982 509.25 1125.71
1401 983 509.38 762.57
1402 980 508.16 648.71
1403 981 508.56 1043.88
1404 986 514.31 840.66
1405 987 514.70 832.63
1406 984 510.08 851.97
1407 985 512.77 726.33
1408 115 1022.52 1066.87
1409 114 1022.40 720.45
1410 117 1025.73 827.99
1411 116 1023.51 917.79
1412 111 1020.52 119.08
1413 110 102.63 472.51
1414 113 1021.63 90.38
1415 112 1021.51 1332.31
1416 119 1026.83 851.27
1417 118 1026.83 658.36
1418 484 135.17 1535.23
1419 568 1445.70 1458.50
1420 569 1447.66 708.44
1421 560 1431.73 1328.78
1422 561 1431.91 913.96
1423 562 1432.33 762.39
1424 563 1433.50 1161.59
1425 564 1435.48 867.57
1426 565 1439.93 1497.97
1427 566 144.90 399.18
1428 567 1441.99 774.57
1429 1188 7.48 259.80
1430 1189 700.96 764.24
1431 1186 696.45 834.64
1432 1187 698.93 722.99
1433 1184 695.74 237.60
1434 1185 695.89 975.58
1435 1182 695.21 1228.50
1436 1183 695.55 791.29
1437 1180 693.16 422.44
1438 1181 693.86 900.51
1439 726 208.36 1234.61
1440 727 208.50 1017.57
1441 724 207.41 545.06
1442 725 207.75 935.34
1443 722 206.27 923.49
1444 723 206.79 1544.68
1445 720 204.66 536.80
1446 721 206.00 1249.56
1447 728 208.99 788.42
1448 729 209.94 1103.97
1449 1164 679.32 623.58
1450 1165 679.32 647.25
1451 1166 679.79 199.83
1452 1167 681.47 291.32
1453 1160 673.92 144.43
1454 1161 675.97 415.13
1455 1162 676.95 866.70
1456 1163 677.97 742.60
1457 1168 682.36 1166.96
1458 1169 682.36 1258.93
1459 472 1334.61 1170.46
1460 48 1559.76 876.38
1461 1367 882.20 1092.23
1462 46 1559.68 1176.07
1463 47 1559.76 805.43
1464 44 1559.68 1022.48
1465 45 1559.68 1040.90
1466 42 1559.67 1260.71
1467 43 1559.67 1474.47
1468 40 1559.55 893.39
1469 41 1559.67 1250.51
1470 1298 815.92 1031.37
1471 1299 816.18 884.53
1472 1292 807.38 246.00
1473 1293 808.15 1251.49
1474 1290 806.21 820.23
1475 1291 806.46 922.49
1476 1296 808.59 66.10
1477 1297 815.59 1340.76
1478 1294 808.42 550.82
1479 477 1341.43 663.09
1480 474 1339.46 928.75
1481 475 1339.93 1401.96
1482 1381 890.47 640.62
1483 1201 711.10 707.43
1484 1366 880.49 1033.10
1485 473 1338.91 598.85
1486 470 1331.99 533.80
1487 1365 879.23 478.92
1488 476 1341.01 847.83
1489 1363 878.27 609.58
1490 1360 874.82 504.31
1491 1361 875.77 1233.23
1492 478 1341.92 1297.08
1493 479 1343.11 840.27
1494 1368 883.81 621.77
1495 1369 883.89 1254.20
