0 216
1 214
2 215
3 212
4 213
5 210
6 211
7 133
8 132
9 131
10 130
11 137
12 136
13 135
14 90
15 95
16 139
17 138
18 166
19 24
20 25
21 26
22 27
23 20
24 21
25 22
26 23
27 160
28 28
29 29
30 94
31 0
32 4
33 8
34 96
35 120
36 121
37 122
38 123
39 124
40 125
41 126
42 127
43 128
44 129
45 91
46 59
47 58
48 55
49 54
50 57
51 56
52 51
53 50
54 53
55 52
56 64
57 195
58 201
59 199
60 198
61 147
62 134
63 194
64 197
65 196
66 191
67 144
68 193
69 192
70 115
71 114
72 117
73 145
74 111
75 110
76 113
77 176
78 82
79 83
80 80
81 81
82 119
83 118
84 84
85 85
86 207
87 66
88 206
89 3
90 177
91 7
92 92
93 108
94 109
95 102
96 103
97 100
98 101
99 106
100 107
101 104
102 105
103 39
104 38
105 33
106 32
107 31
108 30
109 37
110 36
111 35
112 34
113 162
114 86
115 60
116 61
117 62
118 63
119 89
120 65
121 179
122 178
123 68
124 69
125 175
126 174
127 173
128 172
129 171
130 170
131 181
132 182
133 183
134 180
135 2
136 186
137 187
138 184
139 6
140 188
141 189
142 185
143 190
144 99
145 98
146 168
147 169
148 164
149 165
150 93
151 167
152 205
153 161
154 97
155 163
156 11
157 10
158 13
159 12
160 15
161 14
162 17
163 16
164 19
165 18
166 88
167 116
168 204
169 151
170 150
171 153
172 152
173 155
174 154
175 157
176 156
177 159
178 158
179 112
180 48
181 49
182 46
183 47
184 44
185 45
186 42
187 43
188 40
189 87
190 1
191 5
192 9
193 146
194 200
195 203
196 202
197 142
198 143
199 140
200 141
201 209
202 208
203 148
204 149
205 77
206 76
207 75
208 74
209 73
210 72
211 71
212 70
213 79
214 78
215 41
216 67
