0 24 469.28 1061.17
1 25 472.18 1468.05
2 26 56.59 1470.96
3 27 742.47 465.39
4 20 1512.63 1055.36
5 21 1512.63 1456.43
6 22 248.40 73.04
7 23 460.56 171.85
8 28 762.81 244.51
9 29 812.22 9.10
10 1 1.37 1064.08
11 0 -1.54 1470.96
12 3 1239.44 6.19
13 2 1.37 160.23
14 5 1288.85 3.29
15 4 1277.22 1558.15
16 7 1512.63 1558.15
17 6 129.24 3.29
18 9 1559.13 398.54
19 8 1556.23 1459.33
20 11 469.28 1558.15
21 10 457.65 6.19
22 13 693.06 593.26
23 12 59.49 1558.15
24 15 969.16 1561.05
25 14 858.72 479.92
26 17 1283.04 1462.24
27 16 1283.04 1058.27
28 19 1288.85 346.23
29 18 1283.04 744.39
30 31 972.06 1465.15
31 30 896.50 1058.27
