0 216 995.96 1193.12
1 214 980.36 305.39
2 215 982.09 414.62
3 212 957.82 1035.34
4 213 963.02 917.44
5 210 954.35 584.54
6 211 956.08 126.81
7 133 1378.28 412.02
8 132 1373.07 958.19
9 131 1373.07 732.79
10 130 135.97 955.59
11 137 1430.29 334.00
12 136 1430.29 125.94
13 135 1395.61 1192.26
14 90 735.88 485.71
15 95 86.57 1.20
16 139 1445.41 1507.54
17 138 1432.03 240.37
18 166 337.10 600.15
19 24 1218.76 1266.81
20 25 1230.90 387.75
21 26 1244.77 2.83
22 27 1284.65 918.31
23 20 1110.40 1089.09
24 21 1112.13 418.09
25 22 1167.68 1560.14
26 23 1210.09 1098.63
27 160 31.94 177.09
28 28 129.04 459.70
29 29 1291.58 1100.36
30 94 855.23 1561.19
31 0 -0.74 1363.31
32 4 0.73 204.83
33 8 0.88 104.02
34 96 872.86 123.34
35 120 1144.24 549.62
36 121 1147.15 224.15
37 122 1192.92 1507.54
38 123 1208.18 956.47
39 124 1288.12 732.79
40 125 1289.85 958.19
41 126 129.04 242.97
42 127 129.04 698.98
43 128 1305.45 1195.73
44 129 1308.92 417.23
45 91 737.62 811.68
46 59 1560.11 134.00
47 58 1558.60 805.61
48 55 1558.60 1192.26
49 54 1558.60 1025.81
50 57 1558.60 460.57
51 56 1558.60 257.71
52 51 1557.97 1427.58
53 50 1556.90 543.81
54 53 1558.25 1.18
55 52 1557.97 1508.59
56 64 255.61 0.23
57 195 694.27 1434.95
58 201 861.54 1432.84
59 199 785.79 1447.57
60 198 734.15 581.07
61 147 1530.85 887.10
62 134 1381.74 124.20
63 194 685.09 276.45
64 197 730.68 444.10
65 196 73.55 1030.14
66 191 676.37 29.44
67 144 1525.65 999.80
68 193 679.28 186.37
69 192 679.28 105.00
70 115 1089.59 305.39
71 114 1058.38 766.60
72 117 111.70 993.73
73 145 1529.12 1027.54
74 111 1027.17 1154.98
75 110 1021.97 912.24
76 113 1039.31 418.09
77 176 487.48 372.35
78 82 531.21 1411.80
79 83 531.29 1132.44
80 80 5.08 546.71
81 81 526.09 1205.26
82 119 1143.32 680.74
83 118 1141.34 962.28
84 84 572.90 485.71
85 85 574.64 1271.15
86 207 940.44 1433.90
87 66 304.15 293.25
88 206 94.36 423.29
89 3 0.73 1203.53
90 177 496.20 276.45
91 7 0.73 983.33
92 92 774.22 1561.19
93 108 102.71 1481.60
94 109 1020.39 1434.95
95 102 982.09 263.78
96 103 983.82 504.78
97 100 938.34 1561.19
98 101 945.68 712.85
99 106 1009.83 360.88
100 107 1016.77 1092.56
101 104 1002.90 407.69
102 105 1008.10 305.39
103 39 1385.21 2.83
104 38 138.75 3.29
105 33 1359.14 1428.64
106 32 133.71 1557.15
107 31 1310.66 474.44
108 30 1307.19 1266.81
109 37 1369.61 918.31
110 36 1369.61 1096.90
111 35 1362.67 682.50
112 34 1361.25 1508.59
113 162 317.65 1561.19
114 86 612.21 1562.24
115 60 165.45 974.66
116 61 201.86 255.11
117 62 23.29 1411.85
118 63 253.87 487.45
119 89 732.42 345.27
120 65 26.74 466.64
121 179 504.91 599.02
122 178 502.01 177.65
123 68 321.49 373.01
124 69 331.90 483.98
125 175 484.47 445.83
126 174 448.10 1480.18
127 173 42.50 19.97
128 172 415.12 1207.00
129 171 413.39 449.30
130 170 411.65 593.21
131 181 529.10 1480.18
132 182 533.98 96.28
133 183 572.90 1205.26
134 180 510.73 546.77
135 2 0.73 1109.90
136 186 647.46 1201.79
137 187 649.19 1132.44
138 184 572.90 388.62
139 6 0.73 931.31
140 188 650.92 1082.16
141 189 656.13 444.10
142 185 590.24 586.28
143 190 664.80 582.81
144 99 891.93 804.74
145 98 878.06 757.93
146 168 366.04 1480.18
147 169 385.65 369.54
148 164 328.43 1132.44
149 165 331.90 445.83
150 93 803.50 806.48
151 167 347.50 1205.26
152 205 923.38 994.24
153 161 310.21 64.31
154 97 874.59 962.52
155 163 324.96 1083.89
156 11 1009.83 1272.88
157 10 1008.10 41.85
158 13 1058.38 126.81
159 12 1020.39 1561.19
160 15 1079.19 1271.15
161 14 106.59 1413.79
162 17 1098.26 588.01
163 16 1084.57 1548.57
164 19 1104.56 1558.03
165 18 1103.46 1011.07
166 88 694.27 1560.14
167 116 1091.32 418.09
168 204 911.00 835.95
169 151 168.91 286.32
170 150 164.91 203.80
171 153 224.40 343.54
172 152 196.66 614.02
173 155 23.29 1481.60
174 154 224.40 451.04
175 157 25.00 1083.89
176 156 231.75 136.96
177 159 278.15 404.22
178 158 272.94 608.82
179 112 1035.84 305.39
180 48 1556.86 606.22
181 49 1556.86 887.10
182 46 1556.86 1107.30
183 47 1556.86 354.81
184 44 1487.51 1265.08
185 45 1553.99 1360.40
186 42 1442.25 1560.14
187 43 1457.82 44.12
188 40 1397.35 1268.55
189 87 649.19 489.18
190 1 0.73 1064.82
191 5 0.73 369.54
192 9 1.98 1483.53
193 146 1530.85 805.61
194 200 813.91 586.28
195 203 900.60 945.18
196 202 884.99 584.54
197 142 1451.10 1188.79
198 143 1487.51 1190.52
199 140 1447.63 956.45
200 141 1449.36 1001.53
201 209 954.35 307.13
202 208 952.44 227.05
203 148 1550.98 133.64
204 149 1556.80 36.11
205 77 453.27 1205.26
206 76 449.15 1408.65
207 75 420.32 1272.88
208 74 42.34 666.03
209 73 413.39 496.12
210 72 383.91 324.46
211 71 376.98 0.23
212 70 363.93 1406.54
213 79 491.41 487.45
214 78 461.93 1128.97
215 41 1440.69 -0.63
216 67 31.89 1.20
