0 344 476.48 221.15
1 0 -0.08 591.75
2 346 479.46 1.68
3 347 48.56 404.72
4 340 458.63 1276.01
5 341 463.27 168.73
6 342 469.24 369.88
7 343 470.09 146.57
8 348 48.68 868.10
9 349 480.98 1060.63
10 298 337.22 1025.57
11 299 346.36 707.57
12 296 331.63 1128.70
13 297 334.57 17.02
14 294 328.58 1316.65
15 295 328.60 176.40
16 292 31.95 462.07
17 293 325.62 325.98
18 290 309.00 65.60
19 291 309.85 257.37
20 199 1415.73 719.75
21 198 1408.57 910.26
22 195 1396.38 937.69
23 194 1395.28 758.96
24 197 1403.80 259.50
25 196 1397.90 1086.53
26 191 1387.74 1176.96
27 190 1385.20 970.20
28 193 1391.30 1491.40
29 192 139.82 295.30
30 270 240.19 1289.22
31 271 244.77 1004.24
32 272 247.21 268.02
33 273 249.34 415.90
34 274 253.91 981.89
35 275 257.01 98.84
36 276 259.14 545.88
37 277 262.55 1219.12
38 278 264.58 1109.39
39 279 266.61 1512.74
40 449 851.81 1228.26
41 448 850.80 935.66
42 443 830.19 689.07
43 442 83.23 478.98
44 441 827.43 1139.87
45 440 824.38 970.20
46 447 847.24 1396.41
47 446 843.18 1478.70
48 445 832.51 888.93
49 444 830.62 435.51
50 108 112.18 1177.46
51 109 112.18 1399.96
52 102 1107.33 1307.00
53 103 1112.74 460.22
54 100 1095.26 647.31
55 101 11.60 1295.32
56 106 1113.93 858.45
57 107 1114.87 605.54
58 104 1112.92 924.48
59 105 1113.16 726.57
60 39 1559.78 239.90
61 38 1559.78 181.94
62 33 1559.35 347.72
63 32 1558.93 1501.56
64 31 1558.93 1434.51
65 30 1558.93 1271.95
66 37 1559.35 968.20
67 36 1559.35 917.06
68 35 1559.35 508.80
69 34 1559.35 417.61
70 438 822.95 525.85
71 439 823.87 1468.54
72 436 816.25 1176.45
73 437 819.30 1055.55
74 434 81.86 210.07
75 435 811.87 723.59
76 432 804.20 283.79
77 433 806.09 1210.99
78 430 793.12 667.34
79 431 802.54 1535.59
80 339 456.60 1501.56
81 338 456.60 1164.26
82 335 449.99 1050.97
83 334 437.80 987.98
84 337 455.60 209.64
85 336 451.01 971.73
86 331 435.26 1562.52
87 330 431.71 1047.93
88 333 436.00 501.99
89 332 435.77 869.11
90 345 477.93 1434.51
91 6 -0.59 1219.12
92 99 1088.87 187.48
93 98 1088.03 1189.15
94 91 1073.53 49.41
95 90 1068.72 1515.28
96 93 1079.92 774.30
97 92 1079.07 499.00
98 95 1082.44 841.17
99 94 108.28 408.66
100 97 1085.99 1030.65
101 96 1085.89 444.45
102 238 1539.63 1420.28
103 239 1544.86 906.84
104 234 1529.47 1264.84
105 235 1530.80 734.24
106 236 1530.80 850.16
107 237 1539.63 1202.86
108 230 1506.08 627.70
109 231 1510.34 840.78
110 232 1523.55 500.28
111 233 1526.96 946.04
112 1 -0.08 727.89
113 146 1236.87 1217.09
114 147 1238.88 529.26
115 144 123.36 1397.93
116 145 123.86 894.51
117 142 1226.09 761.94
118 143 1227.72 876.73
119 140 1221.12 1473.62
120 141 1223.11 566.34
121 148 1248.04 848.29
122 149 1252.61 1167.81
123 133 1205.64 441.47
124 132 1195.41 732.96
125 131 1189.12 801.55
126 130 1188.59 188.33
127 137 121.92 360.93
128 136 1208.93 1092.63
129 135 1206.39 982.40
130 134 1206.06 595.31
131 139 1216.04 1081.45
132 138 1210.75 148.27
133 24 1299.39 0.82
134 25 133.85 450.42
135 26 1344.57 -0.03
136 27 143.22 419.74
137 20 105.07 1559.47
138 21 1099.95 1.68
139 22 1265.30 70.71
140 23 1265.31 1561.50
141 28 1503.05 1560.49
142 29 1558.50 946.90
143 407 715.56 588.07
144 406 711.61 1506.64
145 405 71.54 1421.30
146 404 71.54 1409.11
147 403 708.05 962.58
148 402 703.48 843.21
149 401 703.48 1243.50
150 400 699.36 608.53
151 409 721.77 1186.61
152 408 72.56 1390.82
153 379 62.91 535.87
154 378 61.89 828.48
155 371 590.71 1208.96
156 370 579.18 461.93
157 373 594.77 1420.28
158 372 593.25 105.23
159 375 606.45 1007.29
160 374 602.39 922.96
161 377 608.16 433.80
162 376 606.45 750.24
163 393 673.00 1342.05
164 392 668.25 357.52
165 391 667.92 1492.42
166 89 1066.18 831.02
167 397 693.32 1111.42
168 396 680.61 560.80
169 395 68.22 344.73
170 394 673.79 476.42
171 82 1046.68 818.62
172 83 1049.24 425.70
173 399 697.89 722.81
174 81 1046.37 1287.70
175 86 1061.17 611.51
176 87 1063.73 693.33
177 84 1055.20 575.71
178 85 1059.47 490.48
179 7 -0.59 1328.84
180 245 161.55 0.82
181 244 160.27 233.08
182 247 170.09 988.49
183 246 165.52 774.63
184 241 1558.07 801.58
185 240 1549.55 567.19
186 243 1560.46 1098.72
187 242 1560.20 868.48
188 249 176.46 181.94
189 248 176.19 1080.95
190 458 891.43 1243.50
191 459 891.98 341.75
192 450 852.83 1142.92
193 451 854.48 315.33
194 452 857.91 988.49
195 453 865.02 1191.69
196 454 867.05 913.31
197 455 869.82 551.42
198 456 87.40 54.52
199 457 875.69 1297.86
200 179 1343.54 1558.45
201 178 1336.04 760.24
202 177 1331.78 49.41
203 176 1331.35 572.30
204 175 1330.34 844.22
205 174 1325.81 780.69
206 173 1321.70 1103.80
207 172 1310.02 884.86
208 171 131.72 74.98
209 170 131.48 1288.20
210 182 1350.53 830.98
211 183 1351.38 343.46
212 180 1345.42 28.95
213 2 -0.08 809.17
214 186 1360.76 817.34
215 187 1368.44 1123.11
216 184 1353.51 725.72
217 185 1357.77 1241.47
218 188 1371.84 533.52
219 189 1374.02 1511.72
220 11 0.26 453.01
221 10 0.04 387.35
222 13 0.42 1428.41
223 12 0.42 1379.64
224 15 0.93 517.59
225 14 0.46 249.70
226 17 1.77 416.79
227 16 0.93 921.95
228 19 1029.10 1558.96
229 18 1007.05 -0.03
230 62 845.11 1.68
231 322 407.87 132.08
232 323 409.35 857.94
233 320 404.46 544.60
234 321 405.80 1118.54
235 326 422.36 201.12
236 327 426.63 621.22
237 324 41.57 601.91
238 325 413.93 1418.25
239 328 428.32 415.05
240 329 43.93 192.59
241 201 1423.81 879.78
242 200 1419.14 598.72
243 203 1430.65 438.91
244 202 143.17 840.67
245 205 1436.51 1000.18
246 204 1433.63 677.14
247 207 1442.16 845.04
248 206 144.69 1184.57
249 209 1448.97 179.38
250 208 1445.65 1155.62
251 77 1031.13 1175.94
252 76 1024.02 1486.83
253 75 1023.67 801.58
254 74 102.31 422.29
255 73 1014.37 929.56
256 72 1005.77 597.87
257 71 1005.73 1339.51
258 70 1004.49 328.97
259 79 1034.69 887.91
260 78 1033.04 744.47
261 8 -1.61 1291.25
262 120 1155.08 1560.99
263 121 1159.14 1066.21
264 122 1163.87 230.95
265 123 1168.99 707.39
266 124 1173.25 494.32
267 125 1183.02 1330.88
268 126 1184.04 960.04
269 127 1184.33 310.21
270 128 1184.54 1135.30
271 129 1185.61 633.67
272 414 74.61 149.98
273 415 741.58 896.55
274 416 743.68 378.40
275 417 748.80 636.65
276 410 727.06 220.30
277 411 733.96 1438.57
278 412 735.99 1121.58
279 413 74.59 1050.47
280 418 750.21 1053.51
281 419 751.74 796.98
282 319 403.26 1040.81
283 318 401.05 151.68
284 313 387.84 578.27
285 312 387.41 459.37
286 311 383.45 1146.98
287 310 381.92 604.96
288 317 397.67 1148.00
289 316 391.67 294.87
290 315 391.57 1481.24
291 314 390.82 191.74
292 3 -0.08 957.50
293 368 578.51 1082.98
294 369 579.02 998.14
295 366 567.34 1309.54
296 367 575.97 791.90
297 364 551.59 717.73
298 365 554.13 1530.01
299 362 542.11 286.78
300 363 543.46 835.59
301 360 540.83 57.08
302 361 540.92 1191.69
303 380 628.30 1414.19
304 381 628.80 931.09
305 382 632.36 1222.17
306 383 634.90 1016.43
307 384 657.76 1389.80
308 385 658.02 164.89
309 386 658.27 946.33
310 387 658.45 668.19
311 388 66.46 1453.81
312 389 661.32 830.51
313 60 695.35 1559.47
314 61 795.42 1558.96
315 258 200.57 994.59
316 259 205.65 1390.82
317 64 86.55 0.82
318 65 927.50 1560.99
319 66 978.81 1122.60
320 67 10.82 392.64
321 252 188.38 1448.73
322 69 1001.51 781.97
323 250 178.22 1485.30
324 251 187.97 141.46
325 256 197.52 1493.43
326 257 199.05 907.72
327 254 195.64 10.20
328 255 197.52 1424.35
329 469 915.31 1545.75
330 468 915.31 1420.79
331 465 906.05 569.75
332 464 904.64 1200.83
333 467 908.71 1007.80
334 466 907.69 970.20
335 461 897.53 775.14
336 460 893.69 253.96
337 463 90.85 1276.01
338 462 9.57 1223.18
339 168 1306.21 91.17
340 169 1309.62 202.82
341 164 1293.25 1164.76
342 165 1294.70 643.90
343 166 1299.86 818.82
344 167 130.47 1364.40
345 160 1275.47 862.51
346 161 1276.49 1225.21
347 162 1286.61 240.32
348 163 1290.71 1525.94
349 9 0.04 321.72
350 357 516.97 413.35
351 356 511.46 1289.22
352 355 507.90 891.47
353 354 505.89 552.27
354 353 503.84 806.12
355 352 491.14 1176.45
356 351 49.90 138.05
357 350 485.55 993.06
358 359 537.87 1390.82
359 358 537.37 773.61
360 216 1471.13 698.45
361 217 1473.27 136.34
362 214 1463.46 611.51
363 215 1468.51 1371.51
364 212 1459.20 804.98
365 213 146.72 1070.79
366 210 1451.75 1109.90
367 211 1451.96 400.56
368 218 1476.13 1066.21
369 219 1477.65 913.31
370 289 307.76 823.40
371 288 307.25 1384.72
372 4 -0.39 199.41
373 281 276.61 91.17
374 280 270.17 932.10
375 283 286.84 56.22
376 282 286.73 1449.36
377 285 29.38 738.05
378 284 287.69 371.58
379 287 30.72 331.95
380 286 297.09 1120.57
381 263 222.06 149.98
382 262 220.89 1356.28
383 261 212.26 389.05
384 260 208.19 659.82
385 267 237.41 91.17
386 266 232.72 320.02
387 265 229.02 1318.68
388 264 228.51 585.66
389 269 24.30 929.06
390 268 239.69 801.04
391 59 543.97 1560.49
392 58 54.27 1560.49
393 55 343.09 1.68
394 54 299.62 0.82
395 57 493.17 1351.20
396 56 364.14 1560.49
397 51 200.76 0.82
398 50 177.20 1559.47
399 53 252.39 1560.49
400 52 228.51 1085.52
401 63 859.43 1559.98
402 115 1146.40 688.22
403 68 1001.51 689.07
404 117 115.52 104.81
405 116 115.23 1466.00
406 111 1133.24 934.64
407 110 1128.93 396.30
408 113 1138.32 874.70
409 253 192.44 1200.83
410 119 1153.56 944.80
411 118 1153.56 1199.81
412 429 792.89 952.93
413 428 788.85 502.84
414 421 756.89 244.16
415 420 755.80 1367.96
416 423 774.09 984.94
417 422 757.33 1023.03
418 425 785.77 1128.70
419 424 78.65 1355.26
420 427 788.85 406.53
421 426 786.79 1269.92
422 308 371.22 144.87
423 309 376.33 119.30
424 300 35.98 1152.06
425 301 35.98 1262.81
426 302 350.94 1105.33
427 303 352.97 1246.55
428 304 361.84 182.37
429 305 364.40 278.68
430 306 368.66 637.50
431 307 370.24 1545.25
432 181 1348.83 123.56
433 229 1506.08 319.16
434 228 1505.23 112.05
435 227 15.16 961.57
436 226 1497.97 1333.92
437 225 1496.70 550.14
438 224 1495.00 877.43
439 223 1489.34 1031.67
440 222 1484.77 1499.53
441 221 1483.49 121.00
442 220 1480.51 754.70
443 114 1142.57 405.67
444 88 1064.66 1078.41
445 390 664.87 1170.35
446 151 1254.14 1005.76
447 150 1253.12 1427.39
448 153 1260.19 292.32
449 152 1258.71 1152.57
450 155 1265.73 712.93
451 154 1261.46 573.15
452 157 127.42 1326.81
453 156 1269.56 475.56
454 159 1272.93 1109.90
455 158 127.93 883.34
456 112 1135.78 1111.93
457 80 1040.29 24.69
458 398 696.38 199.84
459 48 1561.48 144.44
460 49 1561.98 1383.71
461 46 1560.96 1362.37
462 47 1561.05 317.89
463 44 1560.63 657.53
464 45 1560.63 672.88
465 42 1559.95 1205.91
466 43 1560.63 568.89
467 40 1559.78 747.88
468 41 1559.78 94.15
469 5 -0.59 1141.90
470 487 985.31 770.89
471 486 984.90 912.29
472 485 98.05 439.34
473 484 978.92 124.41
474 483 970.68 1039.29
475 482 970.40 386.92
476 481 97.45 978.84
477 480 966.11 1449.24
478 472 916.83 952.93
479 473 924.80 730.83
480 470 915.82 1157.14
481 471 915.82 857.43
482 476 952.93 585.94
483 477 960.52 891.97
484 474 938.17 1105.33
485 475 948.33 973.25
486 478 964.01 667.76
487 479 964.86 754.70
