0 216 407.73 1221.78
1 217 410.57 315.37
2 214 403.17 1392.48
3 215 403.74 404.13
4 224 440.73 1163.74
5 213 400.90 831.45
6 210 393.50 310.82
7 211 398.05 636.28
8 127 1398.92 829.17
9 265 639.88 325.04
10 218 411.14 256.76
11 219 420.81 665.87
12 133 1431.92 1234.30
13 132 143.71 1282.09
14 131 1417.70 33.15
15 130 1408.02 1510.83
16 137 1434.20 1213.81
17 136 1433.63 1030.03
18 135 1433.06 1188.78
19 134 1433.06 1155.78
20 212 398.62 867.86
21 139 1435.33 932.73
22 138 1434.20 865.59
23 225 440.73 1260.47
24 24 1302.19 1559.76
25 322 935.19 770.57
26 86 1157.09 25.18
27 27 1377.30 1559.76
28 20 1120.68 614.66
29 21 1163.92 1.28
30 22 1243.58 1.28
31 23 1257.81 1560.90
32 95 1216.27 1127.90
33 264 637.60 703.99
34 28 1402.90 0.14
35 29 142.57 1559.76
36 94 1184.98 999.87
37 289 788.95 880.38
38 288 786.68 1365.17
39 26 1374.45 2.42
40 4 -0.81 1260.47
41 281 729.78 1242.26
42 326 946.00 1537.00
43 283 741.16 826.90
44 282 737.74 1439.14
45 285 757.09 1295.75
46 284 746.28 1105.14
47 287 786.11 989.06
48 286 76.57 1329.89
49 119 1372.18 30.87
50 263 634.19 723.34
51 121 1372.74 1265.02
52 122 1377.30 792.76
53 260 621.10 1082.38
54 124 1377.87 1438.57
55 125 1380.71 710.82
56 126 1392.66 956.06
57 90 118.68 1012.39
58 128 1399.49 27.46
59 129 1406.32 1385.08
60 269 671.74 210.10
61 268 663.77 1348.10
62 167 176.14 401.86
63 176 221.10 715.37
64 91 118.68 651.64
65 60 1000.05 413.24
66 59 0.32 221.48
67 58 918.69 1559.76
68 55 831.06 -3.84
69 54 816.27 1559.76
70 57 904.46 458.75
71 16 0.89 568.00
72 51 681.98 -0.43
73 50 478.85 1560.33
74 53 765.06 1560.90
75 52 737.18 536.14
76 228 446.42 138.41
77 259 62.91 698.30
78 106 1281.14 284.64
79 298 816.27 277.24
80 299 82.26 1348.10
81 296 813.99 897.45
82 64 102.17 781.94
83 294 808.30 534.43
84 295 811.71 455.91
85 292 798.06 1428.89
86 293 806.59 603.28
87 290 790.66 1083.51
88 291 797.49 706.84
89 0 -0.24 522.48
90 192 292.22 348.37
91 319 93.64 1214.95
92 56 887.96 257.90
93 199 35.60 642.54
94 198 340.58 1476.69
95 147 1452.97 290.33
96 195 313.84 1218.93
97 312 897.06 525.33
98 311 885.11 607.83
99 310 883.41 1381.10
100 191 289.94 994.75
101 316 914.70 654.49
102 193 308.72 1386.79
103 314 910.72 796.17
104 270 676.86 1143.83
105 68 1034.76 961.18
106 117 1354.54 1477.83
107 273 69.74 1444.83
108 111 1322.10 466.72
109 275 697.91 1352.65
110 113 1332.91 1433.45
111 112 1327.79 1302.01
112 82 1144.01 1423.20
113 83 1145.71 1075.55
114 80 112.99 1422.07
115 179 23.65 874.12
116 93 1184.98 886.07
117 118 1363.64 1113.67
118 165 168.75 746.10
119 85 1148.56 978.25
120 251 578.43 323.90
121 207 382.12 597.59
122 173 210.85 -0.43
123 206 377.57 565.73
124 257 61.21 480.38
125 3 -0.81 1205.85
126 171 196.06 726.75
127 7 -1.62 330.03
128 247 540.30 602.14
129 255 6.58 329.02
130 308 87.95 750.65
131 309 872.60 701.15
132 25 1305.03 2.42
133 300 825.94 22.90
134 301 826.51 1244.54
135 302 839.59 738.70
136 303 847.56 296.02
137 304 849.27 1416.38
138 305 849.84 945.82
139 306 853.82 574.26
140 307 869.75 838.28
141 245 530.06 413.24
142 244 528.92 993.61
143 108 1297.07 1182.52
144 246 536.89 321.06
145 241 521.53 1325.34
146 240 517.54 1008.41
147 243 527.78 783.08
148 242 522.22 1220.89
149 102 1260.08 616.37
150 103 1266.34 550.93
151 115 1341.45 552.07
152 101 1250.98 1344.68
153 249 559.08 414.94
154 107 1295.36 829.17
155 104 127.78 1162.60
156 105 1272.03 449.65
157 39 1559.38 66.72
158 38 1559.38 1005.56
159 201 363.34 100.86
160 33 1544.58 0.71
161 32 1485.41 1560.90
162 31 1476.30 1474.41
163 30 1453.54 0.71
164 37 1558.81 1374.84
165 36 1558.81 1097.17
166 35 1557.67 1329.32
167 34 1557.10 1448.24
168 145 1448.42 515.65
169 109 1302.76 28.59
170 327 96.48 321.06
171 162 1558.24 861.04
172 194 312.13 171.41
173 252 588.67 846.24
174 223 439.02 434.86
175 271 679.71 478.67
176 334 989.24 1291.20
177 331 969.89 1517.66
178 330 968.19 389.34
179 333 973.88 728.46
180 332 971.60 590.76
181 144 1445.58 633.44
182 61 1002.33 554.35
183 258 610.86 1464.74
184 63 1009.16 1148.38
185 89 1170.18 894.04
186 65 1021.10 280.66
187 66 1021.67 1140.41
188 178 224.51 1194.47
189 177 222.80 1027.75
190 69 1037.04 1406.13
191 250 559.65 825.19
192 174 210.85 1213.81
193 256 608.01 1337.85
194 172 204.03 1378.82
195 254 596.63 1307.13
196 170 185.82 1288.92
197 183 249.55 838.28
198 181 238.73 470.13
199 175 213.70 670.42
200 88 1162.78 540.69
201 253 590.94 550.36
202 248 544.85 426.89
203 182 24.22 202.14
204 313 897.63 1031.17
205 180 233.61 1522.21
206 2 -0.24 901.43
207 186 262.06 1349.23
208 187 270.03 1452.79
209 184 257.51 1296.89
210 6 -0.81 733.58
211 188 272.30 1251.37
212 189 281.41 1150.09
213 197 32.76 500.86
214 196 315.55 972.56
215 221 430.49 869.00
216 120 1372.18 78.67
217 317 919.25 343.82
218 185 258.08 292.61
219 142 1443.30 756.34
220 190 288.81 311.95
221 99 1240.17 1229.18
222 98 1233.91 1032.87
223 163 1560.51 597.02
224 168 18.53 604.99
225 315 913.56 1208.69
226 229 45.84 1110.26
227 8 -1.95 1480.10
228 227 446.42 1315.09
229 226 443.57 1484.09
230 166 17.39 1471.00
231 92 1180.99 1288.35
232 160 1536.05 1215.52
233 222 436.18 1354.92
234 97 1231.06 1209.83
235 220 430.49 1456.21
236 11 -1.95 792.76
237 10 -1.95 669.85
238 13 0.32 1316.23
239 12 0.32 1082.94
240 15 0.89 417.79
241 14 0.32 1386.79
242 17 103.88 0.71
243 114 1332.91 813.24
244 19 1096.78 0.14
245 18 1071.18 729.03
246 143 1444.44 680.09
247 272 680.84 990.77
248 164 164.20 54.20
249 116 1343.73 979.96
250 274 692.22 406.98
251 297 816.27 236.28
252 110 1313.57 1170.57
253 151 1474.03 830.31
254 150 1465.49 1200.73
255 153 1478.01 1444.26
256 152 1476.87 1311.11
257 155 1485.97 1187.07
258 276 702.47 328.45
259 157 1503.04 1271.28
260 156 1496.79 809.83
261 159 1526.37 601.57
262 158 1507.03 897.45
263 62 1004.03 977.11
264 277 712.14 1037.99
265 278 719.54 221.48
266 238 501.04 1397.03
267 239 504.46 1229.75
268 279 724.09 874.69
269 234 468.61 909.40
270 235 470.88 1543.26
271 236 471.45 1005.56
272 237 499.33 475.82
273 230 451.54 1498.88
274 231 454.95 1141.55
275 232 465.19 451.93
276 233 468.61 497.45
277 318 924.94 24.04
278 81 1138.89 563.45
279 280 728.07 652.21
280 48 384.40 1561.47
281 49 452.68 1560.33
282 46 270.60 1560.33
283 47 334.33 1560.33
284 44 1559.94 557.76
285 45 218.25 1561.47
286 42 1559.94 1149.52
287 43 1559.94 286.92
288 40 1559.38 698.30
289 87 1158.80 1071.56
290 1 -0.24 839.98
291 323 936.89 1230.88
292 320 930.63 492.89
293 321 931.77 560.04
294 5 -0.81 1423.20
295 84 1146.85 581.66
296 324 938.60 297.16
297 325 940.88 319.92
298 9 -1.95 191.90
299 328 961.93 1263.89
300 329 964.20 995.32
301 146 1448.42 556.62
302 200 350.83 1402.72
303 203 370.17 920.21
304 202 364.48 1206.99
305 205 377.00 1068.15
306 204 373.59 1134.15
307 140 1436.47 838.28
308 141 1437.04 1344.11
309 209 392.93 938.42
310 208 387.24 1006.70
311 148 1457.53 226.60
312 149 1459.80 38.84
313 77 1093.94 1415.24
314 76 1093.37 1106.27
315 75 1085.97 932.73
316 74 1080.28 1382.24
317 73 1075.16 472.41
318 72 1061.50 1119.93
319 71 1060.93 946.39
320 70 1044.43 656.77
321 154 1485.41 38.27
322 100 1247.00 26.32
323 96 123.23 95.17
324 79 1103.04 998.73
325 78 1095.64 25.18
326 161 1551.41 571.99
327 262 630.77 198.72
328 261 621.10 700.01
329 266 650.12 480.95
330 41 1559.38 82.65
331 123 1377.30 865.59
332 267 658.65 603.28
333 67 1030.21 779.10
334 169 180.13 686.92
