0 198
1 344
2 345
3 346
4 347
5 340
6 341
7 342
8 343
9 348
10 349
11 595
12 298
13 299
14 296
15 297
16 294
17 295
18 292
19 293
20 290
21 291
22 591
23 590
24 593
25 592
26 199
27 594
28 597
29 596
30 195
31 598
32 197
33 196
34 191
35 190
36 193
37 192
38 270
39 271
40 272
41 273
42 274
43 275
44 276
45 277
46 278
47 279
48 524
49 525
50 526
51 527
52 520
53 521
54 522
55 523
56 599
57 528
58 529
59 449
60 448
61 443
62 442
63 441
64 440
65 447
66 446
67 445
68 444
69 108
70 109
71 102
72 103
73 100
74 101
75 106
76 107
77 104
78 105
79 39
80 38
81 33
82 32
83 31
84 30
85 37
86 36
87 35
88 34
89 641
90 640
91 643
92 642
93 645
94 644
95 438
96 439
97 436
98 437
99 434
100 435
101 432
102 433
103 430
104 431
105 339
106 338
107 335
108 334
109 337
110 336
111 331
112 330
113 333
114 332
115 0
116 249
117 6
118 99
119 98
120 91
121 90
122 93
123 92
124 95
125 94
126 97
127 96
128 559
129 558
130 555
131 554
132 557
133 556
134 551
135 550
136 553
137 552
138 238
139 239
140 234
141 235
142 236
143 237
144 230
145 231
146 232
147 233
148 1
149 155
150 146
151 147
152 618
153 619
154 142
155 143
156 140
157 141
158 612
159 613
160 610
161 611
162 616
163 617
164 614
165 615
166 154
167 194
168 689
169 688
170 685
171 684
172 687
173 686
174 681
175 680
176 683
177 682
178 458
179 622
180 133
181 132
182 131
183 130
184 498
185 136
186 135
187 134
188 494
189 495
190 496
191 138
192 490
193 491
194 492
195 493
196 24
197 25
198 26
199 27
200 20
201 21
202 22
203 23
204 28
205 29
206 407
207 406
208 405
209 404
210 403
211 402
212 401
213 400
214 629
215 409
216 408
217 453
218 379
219 378
220 371
221 370
222 373
223 372
224 375
225 374
226 377
227 376
228 144
229 393
230 392
231 391
232 89
233 397
234 396
235 395
236 394
237 82
238 83
239 80
240 81
241 86
242 87
243 84
244 85
245 7
246 607
247 586
248 587
249 584
250 585
251 582
252 583
253 580
254 581
255 588
256 589
257 245
258 244
259 247
260 246
261 241
262 187
263 243
264 242
265 149
266 606
267 248
268 519
269 518
270 511
271 510
272 513
273 512
274 515
275 514
276 517
277 516
278 623
279 459
280 621
281 620
282 627
283 626
284 625
285 624
286 450
287 451
288 452
289 628
290 454
291 455
292 456
293 457
294 179
295 178
296 177
297 176
298 175
299 174
300 173
301 172
302 171
303 170
304 656
305 183
306 180
307 182
308 657
309 654
310 2
311 652
312 653
313 650
314 185
315 186
316 188
317 189
318 658
319 659
320 184
321 651
322 11
323 10
324 13
325 12
326 15
327 14
328 17
329 16
330 19
331 18
332 62
333 322
334 323
335 320
336 321
337 326
338 327
339 324
340 325
341 328
342 329
343 201
344 200
345 203
346 202
347 205
348 204
349 207
350 206
351 209
352 208
353 77
354 76
355 75
356 74
357 73
358 72
359 71
360 70
361 655
362 79
363 78
364 669
365 668
366 667
367 666
368 665
369 664
370 663
371 662
372 661
373 660
374 692
375 693
376 690
377 691
378 696
379 694
380 695
381 542
382 543
383 540
384 541
385 546
386 547
387 544
388 545
389 8
390 548
391 549
392 68
393 120
394 121
395 122
396 123
397 124
398 125
399 126
400 127
401 128
402 129
403 69
404 414
405 415
406 416
407 417
408 410
409 411
410 412
411 413
412 137
413 418
414 419
415 499
416 319
417 318
418 313
419 312
420 311
421 310
422 317
423 316
424 315
425 314
426 139
427 497
428 3
429 368
430 369
431 366
432 367
433 364
434 365
435 362
436 363
437 360
438 361
439 380
440 381
441 382
442 383
443 384
444 385
445 386
446 387
447 388
448 389
449 148
450 151
451 579
452 578
453 604
454 573
455 572
456 571
457 570
458 577
459 576
460 575
461 574
462 60
463 61
464 258
465 63
466 64
467 65
468 66
469 67
470 252
471 253
472 250
473 251
474 256
475 257
476 254
477 255
478 157
479 156
480 508
481 509
482 506
483 507
484 504
485 505
486 502
487 503
488 500
489 501
490 630
491 631
492 632
493 633
494 469
495 468
496 636
497 637
498 465
499 639
500 467
501 466
502 461
503 460
504 463
505 462
506 168
507 169
508 164
509 165
510 166
511 167
512 160
513 161
514 162
515 163
516 9
517 647
518 646
519 649
520 648
521 357
522 356
523 355
524 354
525 353
526 352
527 351
528 350
529 359
530 358
531 216
532 217
533 214
534 215
535 212
536 213
537 210
538 211
539 218
540 219
541 289
542 288
543 4
544 281
545 280
546 283
547 282
548 285
549 284
550 287
551 286
552 678
553 679
554 674
555 675
556 676
557 677
558 670
559 671
560 672
561 673
562 263
563 262
564 261
565 260
566 267
567 266
568 265
569 264
570 269
571 268
572 59
573 58
574 55
575 54
576 57
577 56
578 51
579 50
580 53
581 52
582 537
583 536
584 535
585 259
586 533
587 532
588 531
589 530
590 539
591 538
592 115
593 114
594 117
595 116
596 111
597 110
598 113
599 112
600 119
601 118
602 429
603 428
604 534
605 421
606 420
607 423
608 422
609 425
610 424
611 427
612 426
613 308
614 309
615 300
616 301
617 302
618 303
619 304
620 305
621 306
622 307
623 181
624 240
625 145
626 568
627 569
628 560
629 561
630 562
631 563
632 564
633 565
634 566
635 567
636 229
637 228
638 227
639 226
640 225
641 224
642 223
643 222
644 221
645 220
646 88
647 390
648 605
649 150
650 153
651 152
652 601
653 600
654 603
655 602
656 159
657 158
658 609
659 608
660 634
661 399
662 635
663 398
664 48
665 49
666 46
667 47
668 44
669 45
670 42
671 43
672 40
673 41
674 638
675 5
676 464
677 489
678 488
679 487
680 486
681 485
682 484
683 483
684 482
685 481
686 480
687 472
688 473
689 470
690 471
691 476
692 477
693 474
694 475
695 478
696 479
