0 165
1 133
2 132
3 131
4 130
5 137
6 136
7 135
8 134
9 139
10 138
11 93
12 24
13 25
14 26
15 167
16 20
17 21
18 22
19 23
20 95
21 28
22 29
23 94
24 0
25 97
26 8
27 96
28 87
29 120
30 121
31 122
32 123
33 124
34 125
35 126
36 127
37 128
38 129
39 59
40 58
41 55
42 54
43 57
44 56
45 51
46 50
47 53
48 52
49 164
50 115
51 114
52 117
53 116
54 111
55 110
56 113
57 112
58 82
59 83
60 80
61 81
62 119
63 118
64 84
65 85
66 27
67 3
68 7
69 108
70 109
71 102
72 103
73 100
74 101
75 106
76 107
77 104
78 105
79 39
80 38
81 33
82 32
83 31
84 30
85 37
86 36
87 35
88 34
89 86
90 60
91 61
92 62
93 63
94 64
95 65
96 66
97 67
98 68
99 69
100 2
101 6
102 4
103 99
104 98
105 168
106 91
107 90
108 166
109 92
110 160
111 161
112 162
113 163
114 11
115 10
116 13
117 12
118 15
119 14
120 17
121 16
122 19
123 18
124 88
125 89
126 151
127 150
128 153
129 152
130 155
131 154
132 157
133 156
134 159
135 158
136 48
137 49
138 46
139 47
140 44
141 45
142 42
143 43
144 40
145 41
146 1
147 5
148 9
149 146
150 147
151 144
152 145
153 142
154 143
155 140
156 141
157 148
158 149
159 77
160 76
161 75
162 74
163 73
164 72
165 71
166 70
167 79
168 78
