0 344
1 0
2 346
3 347
4 340
5 341
6 342
7 343
8 348
9 349
10 298
11 299
12 296
13 297
14 294
15 295
16 292
17 293
18 290
19 291
20 199
21 198
22 195
23 194
24 197
25 196
26 191
27 190
28 193
29 192
30 270
31 271
32 272
33 273
34 274
35 275
36 276
37 277
38 278
39 279
40 524
41 525
42 526
43 527
44 520
45 521
46 522
47 523
48 528
49 529
50 449
51 448
52 443
53 442
54 441
55 440
56 447
57 446
58 445
59 444
60 108
61 109
62 102
63 103
64 100
65 101
66 106
67 107
68 104
69 105
70 39
71 38
72 33
73 32
74 31
75 30
76 37
77 36
78 35
79 34
80 438
81 439
82 436
83 437
84 434
85 435
86 432
87 433
88 430
89 431
90 339
91 338
92 335
93 334
94 337
95 336
96 331
97 330
98 333
99 332
100 345
101 6
102 99
103 98
104 91
105 90
106 93
107 92
108 95
109 94
110 97
111 96
112 559
113 558
114 555
115 554
116 557
117 556
118 551
119 550
120 553
121 552
122 238
123 239
124 234
125 235
126 236
127 237
128 230
129 231
130 232
131 233
132 1
133 146
134 147
135 144
136 145
137 142
138 143
139 140
140 141
141 148
142 149
143 133
144 132
145 131
146 130
147 498
148 136
149 135
150 134
151 494
152 495
153 139
154 497
155 490
156 491
157 492
158 493
159 24
160 25
161 26
162 27
163 20
164 21
165 22
166 23
167 28
168 29
169 407
170 406
171 405
172 404
173 403
174 402
175 401
176 400
177 409
178 408
179 379
180 378
181 371
182 370
183 373
184 372
185 375
186 374
187 377
188 376
189 393
190 392
191 88
192 390
193 397
194 396
195 395
196 394
197 82
198 181
199 399
200 398
201 86
202 87
203 84
204 85
205 7
206 582
207 583
208 580
209 581
210 245
211 244
212 247
213 246
214 241
215 240
216 243
217 242
218 249
219 248
220 519
221 518
222 511
223 510
224 513
225 512
226 515
227 514
228 517
229 516
230 458
231 459
232 450
233 451
234 452
235 453
236 454
237 455
238 456
239 457
240 179
241 178
242 177
243 176
244 175
245 174
246 173
247 172
248 171
249 170
250 182
251 183
252 180
253 2
254 186
255 187
256 184
257 185
258 188
259 189
260 11
261 10
262 13
263 12
264 15
265 14
266 17
267 16
268 19
269 18
270 63
271 322
272 323
273 320
274 321
275 326
276 327
277 324
278 325
279 328
280 329
281 201
282 200
283 203
284 202
285 205
286 204
287 207
288 206
289 209
290 208
291 77
292 76
293 75
294 74
295 73
296 72
297 71
298 70
299 79
300 78
301 542
302 543
303 540
304 541
305 546
306 547
307 544
308 545
309 8
310 548
311 549
312 120
313 121
314 122
315 123
316 124
317 125
318 126
319 127
320 128
321 129
322 414
323 415
324 416
325 417
326 410
327 411
328 412
329 413
330 137
331 418
332 419
333 499
334 319
335 318
336 313
337 312
338 311
339 310
340 317
341 316
342 315
343 314
344 496
345 138
346 3
347 368
348 369
349 366
350 367
351 364
352 365
353 362
354 363
355 360
356 361
357 380
358 381
359 382
360 383
361 384
362 385
363 386
364 387
365 388
366 389
367 579
368 578
369 573
370 572
371 571
372 570
373 577
374 576
375 575
376 574
377 60
378 61
379 258
380 259
381 64
382 65
383 66
384 67
385 252
386 69
387 250
388 251
389 256
390 257
391 254
392 255
393 508
394 509
395 506
396 507
397 504
398 505
399 502
400 503
401 500
402 501
403 469
404 468
405 465
406 464
407 467
408 466
409 461
410 460
411 463
412 462
413 168
414 169
415 164
416 165
417 166
418 167
419 160
420 161
421 162
422 163
423 9
424 357
425 356
426 355
427 354
428 353
429 352
430 351
431 350
432 359
433 358
434 216
435 217
436 214
437 215
438 212
439 213
440 210
441 211
442 218
443 219
444 289
445 288
446 4
447 281
448 280
449 283
450 282
451 285
452 284
453 287
454 286
455 263
456 262
457 261
458 260
459 267
460 266
461 265
462 264
463 269
464 268
465 59
466 58
467 55
468 54
469 57
470 56
471 51
472 62
473 53
474 52
475 537
476 536
477 535
478 534
479 533
480 532
481 531
482 530
483 539
484 538
485 50
486 115
487 68
488 117
489 116
490 111
491 110
492 113
493 253
494 119
495 118
496 429
497 428
498 421
499 420
500 423
501 422
502 425
503 424
504 427
505 426
506 308
507 309
508 300
509 301
510 302
511 303
512 304
513 305
514 306
515 307
516 568
517 569
518 560
519 561
520 562
521 563
522 564
523 565
524 566
525 567
526 229
527 228
528 227
529 226
530 225
531 224
532 223
533 222
534 221
535 220
536 114
537 391
538 89
539 151
540 150
541 153
542 152
543 155
544 154
545 157
546 156
547 159
548 158
549 112
550 83
551 80
552 81
553 48
554 49
555 46
556 47
557 44
558 45
559 42
560 43
561 40
562 41
563 5
564 489
565 488
566 487
567 486
568 485
569 484
570 483
571 482
572 481
573 480
574 472
575 473
576 470
577 471
578 476
579 477
580 474
581 475
582 478
583 479
