0 344 620.59 811.35
1 345 628.33 707.62
2 346 629.54 1186.82
3 347 632.80 502.77
4 340 612.48 691.36
5 341 616.68 270.90
6 342 62.72 175.93
7 343 620.19 1528.94
8 348 637.43 278.91
9 349 638.39 191.37
10 298 511.41 1163.81
11 299 511.62 1374.39
12 296 509.17 615.59
13 297 510.75 948.00
14 294 504.74 351.64
15 295 504.80 808.16
16 292 5.80 516.29
17 293 502.33 440.89
18 597 1101.25 582.92
19 291 494.78 172.47
20 270 439.98 187.59
21 271 443.76 89.96
22 272 448.80 104.45
23 1138 413.21 534.72
24 274 449.75 676.42
25 275 461.84 84.55
26 276 467.69 1163.48
27 277 47.70 381.22
28 278 470.03 300.60
29 279 470.22 150.43
30 1780 951.12 1040.00
31 108 1350.91 690.87
32 109 1359.07 787.46
33 102 1311.43 635.60
34 103 132.43 707.65
35 100 1303.01 807.20
36 101 1310.38 564.54
37 106 1336.71 1307.98
38 107 1339.35 968.41
39 104 1331.17 719.03
40 105 1336.70 652.44
41 1213 489.97 1494.84
42 1000 283.06 517.27
43 99 1295.20 1221.12
44 98 1293.54 625.60
45 91 1275.41 1355.87
46 90 1274.13 1176.42
47 93 1277.87 1007.97
48 92 1276.98 730.10
49 95 1280.21 517.18
50 94 1278.60 1217.29
51 97 1287.54 1338.63
52 96 1284.98 1195.58
53 1623 820.22 663.32
54 1622 82.46 490.94
55 1621 82.40 1087.56
56 1620 819.75 639.64
57 1627 821.94 923.73
58 1626 820.79 378.64
59 1625 820.58 681.76
60 1624 820.43 195.15
61 1629 825.17 779.35
62 1628 822.25 534.13
63 559 1069.35 826.27
64 558 1069.11 1105.36
65 1217 493.55 1025.15
66 555 1067.29 1073.10
67 554 1067.06 791.03
68 557 1068.52 867.97
69 556 1068.51 522.96
70 551 1062.05 753.50
71 550 1061.84 849.21
72 553 1066.64 712.63
73 552 1062.11 1273.49
74 1199 475.84 1500.82
75 1198 475.15 847.44
76 1191 47.86 1149.80
77 1190 47.44 152.16
78 1193 470.38 821.75
79 1192 470.22 132.16
80 1195 471.48 84.29
81 1194 470.44 449.04
82 1197 473.03 1227.22
83 1196 472.58 1489.40
84 1759 932.56 726.18
85 1758 930.06 887.99
86 1757 93.41 1227.72
87 1756 93.32 357.32
88 1755 929.12 1105.96
89 1754 927.36 1394.83
90 1753 926.72 627.76
91 1752 926.40 1268.70
92 1751 925.89 872.98
93 1750 925.89 716.17
94 1177 454.20 821.38
95 1176 453.56 1531.79
96 1175 452.11 590.60
97 1174 450.93 893.32
98 1173 450.00 1114.09
99 1172 449.33 1261.26
100 1171 449.28 596.73
101 1170 445.53 820.92
102 1179 456.07 849.64
103 1178 454.23 409.76
104 511 1033.64 478.21
105 1006 287.97 1073.21
106 1005 287.24 148.85
107 1285 549.99 334.61
108 1284 548.45 1170.49
109 1287 55.30 452.37
110 1004 286.14 1185.17
111 1281 547.65 846.91
112 1280 543.96 879.55
113 1283 548.31 531.66
114 1282 548.18 950.93
115 515 1036.56 1307.34
116 879 156.49 1016.47
117 1289 550.19 389.25
118 1288 55.65 1452.42
119 1002 283.54 537.08
120 1579 789.31 756.83
121 1578 788.68 630.26
122 689 1201.01 1286.58
123 1001 283.14 1325.34
124 685 1195.10 1058.49
125 684 1194.62 1308.29
126 687 1198.63 851.29
127 686 1197.18 1468.59
128 1577 787.94 402.64
129 1576 786.74 1068.66
130 683 1194.58 805.62
131 1574 782.71 1248.90
132 458 970.51 817.51
133 1226 501.06 1260.93
134 1240 511.76 350.82
135 1225 500.84 1491.03
136 620 1129.87 412.75
137 1223 5.33 441.51
138 1222 496.89 1051.52
139 625 1135.55 1307.34
140 1243 515.70 861.94
141 1220 496.04 41.46
142 407 83.54 753.82
143 406 826.42 449.89
144 405 821.67 1338.31
145 1372 616.99 1373.75
146 1375 618.46 843.22
147 402 82.07 1013.80
148 1377 62.26 1241.60
149 1376 619.15 630.88
150 1379 621.51 1076.22
151 1378 621.39 93.11
152 1342 596.56 1506.58
153 409 842.42 1491.26
154 408 830.61 1151.20
155 453 960.25 1388.12
156 454 960.57 1444.00
157 455 966.00 1403.45
158 1346 599.55 619.21
159 457 97.65 46.18
160 1018 299.57 473.42
161 379 735.92 610.45
162 378 730.67 1359.06
163 371 710.48 593.35
164 370 709.59 1322.66
165 373 712.57 609.20
166 372 710.87 1265.83
167 375 720.99 311.68
168 374 716.35 365.16
169 377 723.83 575.42
170 376 722.68 1218.25
171 1244 517.41 1115.96
172 393 791.33 1358.43
173 392 791.02 1179.29
174 391 790.80 521.12
175 390 783.31 363.90
176 397 802.19 1349.49
177 396 800.77 453.85
178 395 793.27 592.31
179 394 792.61 1436.34
180 399 809.85 1363.53
181 398 804.74 784.77
182 1247 518.09 999.74
183 245 381.14 407.41
184 244 378.32 447.49
185 247 387.51 649.54
186 246 383.03 466.82
187 241 370.91 1267.27
188 240 370.42 1493.21
189 243 375.22 1150.31
190 242 373.03 1065.97
191 249 393.40 437.11
192 248 391.28 1013.03
193 290 494.31 300.85
194 179 272.46 1338.02
195 178 27.33 1153.64
196 177 269.39 753.24
197 176 268.72 937.90
198 175 268.08 664.59
199 174 267.98 423.91
200 173 263.78 1340.36
201 172 263.37 1430.72
202 171 258.31 903.81
203 170 256.60 1066.20
204 1502 718.92 973.63
205 657 1167.77 639.85
206 654 1166.52 1318.51
207 1501 718.04 329.37
208 1506 723.62 481.79
209 1507 725.08 548.31
210 1110 375.49 473.89
211 1504 720.49 637.97
212 1505 723.45 1023.52
213 1227 501.15 300.60
214 273 449.43 58.47
215 1365 613.40 1153.05
216 1032 310.54 29.18
217 1362 610.05 18.79
218 1618 818.08 621.29
219 1619 819.33 482.00
220 1616 816.00 689.69
221 1617 817.20 1241.24
222 1614 815.16 708.04
223 1615 815.46 981.19
224 1612 811.79 1069.96
225 1613 813.08 742.65
226 1610 811.05 986.00
227 1611 811.23 1322.77
228 1768 941.74 925.53
229 1769 942.69 1426.76
230 1762 935.06 895.50
231 1763 935.66 1283.71
232 1760 932.98 621.50
233 1761 933.60 489.09
234 1766 940.69 459.48
235 1767 941.74 607.74
236 1764 937.56 805.42
237 1765 940.48 908.01
238 1142 419.19 802.49
239 1143 419.34 564.43
240 1140 414.96 1276.95
241 1141 418.40 584.70
242 1146 420.80 1072.21
243 1147 423.30 1270.94
244 1144 42.27 397.51
245 1145 420.28 526.71
246 1148 423.97 1080.38
247 1149 424.31 876.59
248 1546 76.51 729.77
249 693 1207.07 1233.26
250 1544 756.93 1097.17
251 1545 757.61 649.65
252 696 121.61 1159.14
253 1543 756.78 687.19
254 694 1207.88 1054.23
255 695 1208.64 842.12
256 698 1211.22 1456.45
257 699 1211.54 1281.79
258 1548 762.55 1033.24
259 1549 762.67 353.79
260 542 1056.21 718.88
261 543 1056.36 1542.99
262 540 1055.08 1499.56
263 541 1055.72 1258.16
264 546 106.26 1248.58
265 547 106.46 61.93
266 544 1056.67 553.88
267 545 1056.94 1126.66
268 548 1060.38 601.27
269 549 1060.80 689.27
270 760 129.14 1549.18
271 761 129.34 272.25
272 1784 955.08 765.80
273 1785 955.13 1190.85
274 1786 955.50 590.64
275 765 1294.59 559.28
276 414 867.65 1107.18
277 415 87.40 1056.52
278 416 870.84 1303.19
279 417 876.88 743.90
280 1388 628.44 1139.86
281 1389 628.49 1374.39
282 412 855.83 1453.58
283 413 867.29 571.25
284 1384 625.83 961.32
285 1385 627.56 1105.16
286 1386 627.73 164.76
287 1387 628.42 1083.99
288 1380 622.07 1112.51
289 419 88.43 599.02
290 1382 624.16 659.66
291 1383 624.54 33.27
292 368 707.98 713.88
293 369 708.31 58.47
294 366 700.65 1415.26
295 367 701.38 -1.37
296 364 70.02 605.01
297 365 700.06 572.92
298 362 693.19 401.38
299 363 693.63 1278.60
300 360 687.72 333.58
301 361 69.68 1400.66
302 380 737.69 1557.67
303 381 737.91 -2.00
304 382 740.09 713.04
305 383 741.97 471.78
306 384 749.62 351.69
307 385 765.20 341.16
308 386 766.99 591.47
309 387 769.30 1191.43
310 388 77.57 626.72
311 389 781.62 294.42
312 1077 344.56 172.79
313 258 411.29 1172.16
314 259 415.02 1147.03
315 252 4.01 1297.39
316 253 4.11 429.25
317 250 397.94 1269.27
318 251 398.61 1349.70
319 256 404.78 1071.54
320 257 407.95 1091.06
321 254 401.94 1526.36
322 255 404.71 190.74
323 168 245.81 516.33
324 169 250.70 306.20
325 164 242.51 530.48
326 165 243.41 1107.96
327 166 244.95 1265.41
328 167 245.26 713.45
329 160 236.15 665.24
330 161 236.41 1213.54
331 162 236.48 988.93
332 163 241.20 915.15
333 1090 358.04 497.00
334 679 1189.51 1413.03
335 1814 978.96 1009.46
336 1815 979.41 1397.06
337 1816 98.75 1207.70
338 1817 980.10 716.17
339 1810 975.31 572.08
340 1811 975.93 921.77
341 1812 978.23 1055.85
342 1813 978.70 460.33
343 1093 359.45 473.89
344 1818 981.77 655.70
345 1819 982.60 1234.22
346 1098 363.77 60.99
347 1099 365.53 1470.93
348 1609 81.40 1110.92
349 1608 808.57 350.42
350 1601 800.99 1055.27
351 1600 80.83 327.45
352 1603 807.20 409.94
353 1602 804.02 909.70
354 1605 807.62 1229.11
355 1604 807.24 687.60
356 1607 808.12 1017.90
357 1606 807.69 973.41
358 809 1363.81 812.72
359 808 1361.70 821.67
360 803 1354.60 600.33
361 802 1353.95 1001.28
362 801 1350.38 500.85
363 800 1346.65 909.98
364 807 1360.34 946.76
365 806 136.77 687.56
366 805 136.20 1443.53
367 804 1354.60 706.13
368 1775 947.99 800.83
369 1774 947.38 1104.75
370 1777 948.80 440.12
371 1776 948.60 1069.45
372 1771 946.32 939.29
373 1770 946.11 449.05
374 1773 947.16 824.18
375 1772 947.16 789.99
376 1779 951.06 548.25
377 1778 950.08 1007.27
378 608 1116.71 1312.13
379 1159 432.95 851.85
380 1158 432.78 594.84
381 1155 430.53 156.73
382 1154 43.85 1323.34
383 1157 430.64 1175.83
384 1156 430.53 180.03
385 1151 426.53 846.16
386 1150 425.94 375.34
387 1153 43.69 960.74
388 1152 427.08 937.72
389 59 1168.78 1107.62
390 1554 768.57 398.85
391 1551 764.51 1292.01
392 1550 763.41 879.46
393 1553 766.37 798.12
394 1552 764.91 621.92
395 1555 768.59 1087.23
396 58 1166.73 741.40
397 1557 768.87 691.36
398 1556 768.66 1257.84
399 1559 769.70 740.15
400 54 114.50 659.86
401 57 1151.93 847.96
402 56 1147.36 1450.07
403 51 1136.51 1420.05
404 50 1133.02 911.20
405 53 1139.38 1144.49
406 52 1136.67 918.50
407 537 1053.71 612.95
408 55 1146.41 1054.84
409 535 1052.04 683.85
410 534 1050.58 797.49
411 533 1050.24 937.37
412 532 105.27 359.49
413 531 1049.63 947.72
414 1558 769.46 1028.05
415 539 1054.50 1087.70
416 538 1053.81 1447.19
417 536 1052.07 970.85
418 429 893.36 626.92
419 428 889.73 614.01
420 1399 639.74 1124.08
421 1398 639.00 1096.70
422 1397 637.49 971.68
423 1396 636.20 871.03
424 1395 635.83 642.98
425 1394 634.90 1090.91
426 425 886.49 1452.30
427 1392 631.88 939.29
428 427 889.19 652.78
429 1390 628.85 846.84
430 530 1048.08 825.44
431 853 1477.51 978.15
432 229 353.50 999.92
433 228 352.55 1210.54
434 227 348.14 359.31
435 226 347.26 791.84
436 225 342.12 827.07
437 224 341.09 -2.00
438 223 341.06 574.33
439 222 339.92 974.24
440 221 339.37 717.16
441 220 337.70 238.04
442 763 1293.54 540.85
443 151 207.38 640.30
444 150 206.21 1094.90
445 153 212.05 1277.28
446 152 209.72 1001.29
447 155 225.90 1256.42
448 154 212.70 911.61
449 157 230.91 790.21
450 156 23.70 1312.98
451 159 234.75 1225.89
452 158 231.58 899.24
453 1807 973.22 1038.75
454 1806 972.70 1327.13
455 1805 972.60 722.43
456 1804 970.09 786.65
457 1803 97.01 307.89
458 1802 967.59 886.32
459 1801 965.92 924.69
460 1800 965.92 904.26
461 1809 974.68 643.19
462 1808 974.30 1383.65
463 1256 521.84 1436.34
464 690 1201.01 1405.36
465 1257 522.13 971.48
466 1254 520.01 378.88
467 818 1377.49 664.29
468 819 138.63 1161.48
469 1255 520.11 828.18
470 810 1365.65 502.95
471 811 1366.96 726.93
472 812 1369.92 1323.30
473 813 137.49 975.42
474 814 1372.76 672.18
475 815 1374.04 992.15
476 816 1375.26 880.77
477 817 1375.91 847.99
478 1522 736.02 157.36
479 1523 738.54 176.88
480 1490 710.46 387.90
481 1491 710.87 1352.04
482 1492 711.36 851.16
483 1493 711.58 1060.45
484 1494 712.22 1125.46
485 1495 712.66 1002.78
486 1496 714.24 653.40
487 1497 714.65 776.85
488 1498 714.70 1333.52
489 1499 715.70 495.14
490 423 883.53 328.11
491 1700 875.84 676.13
492 1701 876.05 801.87
493 1702 876.91 1506.58
494 1703 877.02 910.56
495 1704 877.55 1365.45
496 1705 877.95 1247.25
497 1706 882.10 853.79
498 1707 883.07 917.04
499 1708 883.14 521.20
500 1709 883.56 474.49
501 424 884.89 1160.77
502 1391 630.35 342.10
503 426 888.56 448.64
504 1128 399.22 1465.49
505 1129 4.16 175.93
506 1120 390.43 1037.17
507 1121 392.74 152.95
508 1122 393.60 1185.17
509 1123 394.63 115.16
510 1124 395.53 623.61
511 1125 395.76 518.22
512 1126 396.71 372.04
513 1127 398.59 559.71
514 524 1044.54 672.59
515 525 1044.95 607.95
516 526 1044.95 730.97
517 527 1046.78 1528.94
518 520 1042.31 1517.44
519 1019 3.14 1212.54
520 522 1043.55 1099.88
521 523 1043.91 1425.16
522 1014 296.76 837.97
523 1015 296.98 783.04
524 1016 298.45 870.01
525 1017 299.18 1026.71
526 528 1047.04 710.96
527 1011 291.65 977.76
528 1012 292.50 498.88
529 1013 295.48 1276.61
530 1234 508.01 115.16
531 1235 508.55 857.35
532 1236 508.55 979.92
533 1237 510.20 922.86
534 1230 503.04 1019.93
535 1231 503.96 892.76
536 1232 504.64 1509.51
537 1233 506.34 326.54
538 1238 511.67 871.11
539 1239 511.74 1198.52
540 438 916.50 1557.04
541 439 917.67 1309.73
542 436 915.11 335.26
543 437 915.51 1461.24
544 434 903.99 1036.25
545 435 911.71 1007.27
546 432 899.91 1113.27
547 433 902.74 1049.60
548 430 896.07 1390.36
549 431 898.69 1072.49
550 1697 873.55 534.55
551 238 362.23 1360.71
552 239 363.90 1090.39
553 234 359.93 438.06
554 235 36.08 1383.41
555 236 36.34 804.22
556 237 36.68 1024.82
557 230 353.55 1084.72
558 231 355.89 1193.52
559 232 356.80 754.41
560 233 357.90 971.30
561 1 1004.60 1066.40
562 146 194.20 1047.18
563 147 202.32 310.44
564 144 183.48 498.00
565 145 193.80 442.60
566 142 175.84 1046.51
567 143 182.52 1108.92
568 140 167.73 620.75
569 141 168.50 1134.95
570 148 202.83 124.29
571 149 204.67 380.68
572 1832 993.03 1004.32
573 1833 993.14 1298.40
574 1830 990.74 567.91
575 1831 991.16 740.15
576 1836 994.28 757.04
577 1837 995.12 648.61
578 1834 993.24 1033.75
579 1835 993.45 622.75
580 1838 997.61 1477.85
581 1839 999.29 627.76
582 939 216.22 788.20
583 938 214.39 989.28
584 933 210.65 1546.46
585 932 210.22 776.52
586 931 209.38 936.88
587 930 209.01 740.78
588 937 213.55 1204.70
589 936 212.22 750.49
590 935 212.05 1329.01
591 934 211.72 1309.65
592 1691 868.29 1232.30
593 829 1401.18 740.61
594 828 140.63 1216.54
595 825 1399.60 905.11
596 824 1391.08 877.72
597 827 140.48 50.59
598 826 140.12 289.77
599 821 138.80 1106.91
600 820 138.63 1239.24
601 823 1389.07 847.99
602 822 1386.21 989.71
603 1483 703.84 1342.46
604 1482 703.80 991.34
605 1481 703.15 1031.73
606 619 1129.80 1293.93
607 1487 708.31 1532.13
608 1486 707.47 960.88
609 1485 705.76 1298.40
610 1484 704.45 922.44
611 1489 709.63 1036.05
612 1488 708.82 738.48
613 797 1345.12 720.87
614 796 1344.59 602.97
615 1711 884.39 816.89
616 794 1332.75 742.72
617 793 1327.77 1356.51
618 792 1327.22 603.49
619 1715 889.36 1175.46
620 790 1322.91 908.16
621 1719 890.00 1222.72
622 1718 89.91 1154.14
623 799 1346.04 1003.10
624 798 1345.65 553.49
625 612 1119.02 926.42
626 613 1120.65 816.26
627 1272 536.99 391.14
628 1139 413.46 1063.20
629 1273 537.93 635.39
630 1133 41.18 405.12
631 1132 407.63 927.44
632 1131 401.94 1194.52
633 1130 400.30 127.12
634 1137 412.27 147.28
635 1136 412.21 818.63
636 1135 410.62 1152.13
637 1134 410.01 839.18
638 1276 54.76 476.81
639 615 1122.78 1214.10
640 519 1038.91 880.49
641 518 1038.70 686.35
642 1009 29.67 882.65
643 1008 29.17 1174.16
644 1007 289.59 791.70
645 510 1033.48 676.55
646 513 1034.42 1115.70
647 512 1033.69 1185.04
648 1003 285.03 717.39
649 514 1035.36 737.23
650 517 1038.48 1506.58
651 516 1038.28 667.17
652 623 1133.63 1240.28
653 622 1130.12 1351.72
654 621 113.60 1233.90
655 1224 50.03 1128.94
656 627 1136.67 978.76
657 626 1136.51 1375.35
658 1221 496.39 1177.83
659 624 1133.99 828.35
660 629 114.44 797.88
661 628 1137.95 739.73
662 1229 501.92 1468.21
663 1228 501.73 1206.87
664 2 1006.38 660.29
665 1286 55.30 429.02
666 11 1031.21 1001.30
667 10 1020.96 1418.56
668 13 1033.69 622.13
669 12 1032.86 759.33
670 15 1049.08 833.92
671 14 1034.11 602.11
672 17 1053.29 1040.84
673 16 1050.89 789.21
674 19 1059.16 1192.38
675 18 1057.26 839.20
676 688 12.22 1436.98
677 201 3.79 104.13
678 200 3.70 529.50
679 203 3.97 978.43
680 202 3.82 743.52
681 205 303.33 1107.92
682 204 300.04 351.76
683 207 311.36 338.56
684 206 309.00 1131.28
685 209 317.79 -2.00
686 208 312.27 1557.33
687 1573 782.20 995.87
688 1572 782.01 445.51
689 1571 780.04 1040.80
690 1570 78.69 453.80
691 681 119.56 311.43
692 680 1189.62 933.72
693 1575 786.68 345.79
694 682 1192.06 1021.36
695 1829 990.60 1099.88
696 1828 990.58 1267.10
697 1825 99.09 1067.53
698 1824 988.67 1447.19
699 1827 99.92 1261.93
700 1826 99.09 1131.28
701 1821 985.15 1408.56
702 1820 983.29 1007.97
703 1823 987.19 743.69
704 1822 986.57 575.42
705 928 208.55 911.02
706 929 208.88 679.08
707 920 196.53 763.18
708 921 198.16 1505.71
709 922 198.20 804.56
710 923 200.71 961.91
711 924 201.41 667.46
712 925 203.05 836.08
713 926 203.54 817.91
714 927 208.48 1433.98
715 832 141.89 318.95
716 833 1413.30 1177.48
717 830 1409.34 937.98
718 831 141.64 1184.84
719 836 1422.76 712.71
720 837 1426.08 1176.26
721 834 1413.91 1284.60
722 835 1417.25 986.06
723 838 143.80 1101.24
724 839 1430.13 677.97
725 3 1009.46 1147.96
726 1267 532.74 337.85
727 784 1314.59 665.60
728 785 1315.00 1320.75
729 786 1318.01 769.04
730 787 132.29 106.02
731 780 131.79 1276.78
732 781 131.79 790.21
733 1728 899.48 892.85
734 1729 900.22 1175.46
735 1726 898.36 611.91
736 1727 898.69 397.17
737 1724 897.95 668.63
738 1725 898.15 479.50
739 1722 895.11 1273.81
740 789 1322.31 1013.45
741 1720 892.52 872.98
742 1721 893.57 502.02
743 60 1170.99 1386.21
744 61 118.82 1557.87
745 62 1180.49 1085.27
746 63 1181.54 852.96
747 64 1183.62 781.23
748 65 1184.45 644.44
749 66 119.05 319.88
750 67 119.94 730.46
751 68 1190.23 1007.97
752 69 1195.63 771.93
753 1371 616.91 442.77
754 1588 793.27 618.58
755 1589 794.51 1060.88
756 1370 616.35 164.29
757 1582 79.56 1223.22
758 1583 791.33 1400.57
759 1580 789.33 1050.95
760 1581 79.40 773.85
761 1586 791.93 1333.90
762 1373 617.48 582.92
763 1584 791.71 1007.10
764 1585 791.92 901.92
765 1038 314.36 813.21
766 1039 314.66 440.89
767 508 1031.77 1391.31
768 509 1033.07 862.14
769 506 103.64 285.12
770 507 103.76 809.90
771 504 1027.23 842.12
772 505 1029.52 732.64
773 502 1025.29 993.37
774 503 1025.56 831.69
775 500 1025.07 1509.14
776 1374 618.09 953.32
777 1212 489.71 1058.02
778 631 1144.63 777.27
779 1210 486.53 630.21
780 633 1145.80 1039.01
781 634 1146.09 1347.89
782 401 818.80 1557.04
783 636 1146.92 811.26
784 637 1149.28 1303.82
785 638 1149.60 1181.53
786 639 115.05 589.25
787 1218 493.74 1470.86
788 1219 494.86 1513.86
789 782 131.88 495.82
790 783 1312.75 776.93
791 1454 678.10 941.88
792 1455 678.53 993.28
793 1456 679.62 716.38
794 1457 680.04 557.07
795 1102 367.00 484.27
796 1451 675.89 1061.40
797 1452 677.67 1047.71
798 1101 367.00 464.46
799 1458 681.99 901.70
800 1459 682.66 1150.47
801 1108 370.91 1213.87
802 1109 375.41 1017.14
803 788 1321.17 732.19
804 1723 896.49 822.72
805 1393 634.61 97.52
806 216 333.19 1195.85
807 217 333.45 1557.94
808 214 33.34 822.24
809 215 330.19 917.17
810 212 324.14 858.18
811 213 328.80 472.48
812 210 320.35 1142.96
813 211 322.85 929.28
814 1530 742.46 394.64
815 218 336.20 1301.98
816 219 336.82 434.76
817 4 1009.92 596.27
818 919 194.70 978.93
819 918 194.53 1309.15
820 915 193.53 1247.41
821 914 193.20 1259.43
822 917 194.35 1510.05
823 916 194.20 1364.55
824 911 192.86 1287.79
825 910 192.53 1061.19
826 913 192.99 296.01
827 912 192.86 757.17
828 1423 650.99 102.56
829 847 1474.87 686.40
830 846 1473.82 831.15
831 845 1472.34 1235.30
832 844 147.48 1097.57
833 843 1460.16 1245.65
834 842 1453.16 981.19
835 841 1450.12 873.46
836 840 1443.29 845.89
837 849 1475.92 820.09
838 848 1474.89 947.45
839 664 1174.45 622.75
840 1587 792.42 539.43
841 1739 913.38 894.25
842 1738 912.35 1176.10
843 1731 904.20 834.19
844 1730 900.54 1434.42
845 1733 906.60 1211.86
846 1732 905.24 440.71
847 1735 908.37 900.92
848 1734 907.75 481.17
849 1737 910.67 538.30
850 1736 908.52 1136.51
851 753 1282.22 735.87
852 752 1281.96 627.18
853 751 1277.74 617.18
854 750 1272.63 478.02
855 757 1284.57 1026.84
856 756 1284.06 678.24
857 755 1283.35 974.50
858 754 1282.35 659.16
859 759 1287.61 890.51
860 758 1287.22 697.19
861 1595 797.86 407.56
862 1594 797.32 948.36
863 1597 799.64 694.39
864 1596 799.31 730.97
865 1591 795.56 698.03
866 1590 795.16 960.45
867 1593 797.23 815.22
868 1033 311.29 766.89
869 1599 8.48 1001.29
870 1030 308.50 1316.33
871 1025 303.28 827.55
872 1024 301.73 70.12
873 1027 304.12 1508.42
874 1026 303.49 1297.97
875 1021 300.28 757.35
876 1020 300.11 1250.36
877 1023 300.49 1205.86
878 1022 300.32 1493.75
879 1036 313.71 846.45
880 1029 308.36 874.42
881 1028 307.99 743.77
882 1037 314.32 245.23
883 1034 312.43 191.06
884 501 1025.29 1112.66
885 605 1113.56 810.00
886 630 1140.02 1232.62
887 607 1114.15 958.67
888 606 1114.15 1109.01
889 601 1108.55 849.62
890 600 1107.93 648.40
891 603 1110.50 1057.27
892 602 111.93 1266.94
893 1205 480.73 1520.92
894 1204 480.30 113.27
895 1207 483.37 1074.04
896 1206 482.05 528.12
897 609 1116.89 624.42
898 632 1145.19 1029.88
899 1203 48.78 675.06
900 1202 48.36 1463.98
901 1211 487.80 1482.88
902 1216 493.05 1085.39
903 635 1146.72 1416.86
904 1214 490.07 516.80
905 1215 490.37 130.90
906 1111 375.91 1212.20
907 465 985.94 933.87
908 1113 38.39 1518.21
909 1444 669.89 1029.57
910 1115 385.42 911.85
911 1114 383.92 1205.86
912 1441 667.73 937.13
913 464 985.11 726.18
914 1119 39.01 430.65
915 1118 389.63 526.71
916 467 986.75 1366.73
917 1449 675.56 151.06
918 1448 675.24 519.74
919 1350 600.39 1136.60
920 1357 605.13 371.10
921 450 955.54 416.12
922 460 974.68 706.58
923 463 985.01 1038.82
924 489 1014.30 825.44
925 488 1013.57 1472.10
926 487 1013.25 1204.20
927 486 1011.98 1398.34
928 485 1011.02 1514.25
929 462 979.64 991.54
930 483 1008.46 1260.08
931 482 1007.64 1104.14
932 481 1006.87 1374.07
933 480 1006.79 639.85
934 451 957.37 562.49
935 199 3.69 1002.84
936 198 3.64 929.04
937 195 3.31 876.64
938 194 3.20 1506.02
939 197 3.64 1087.89
940 196 3.47 990.94
941 191 294.04 911.85
942 190 293.07 1034.57
943 193 3.16 675.06
944 192 3.16 569.69
945 1106 368.74 1059.86
946 1107 368.90 1157.47
947 1104 367.47 381.94
948 1105 368.41 337.62
949 1450 675.56 162.40
950 1103 367.16 1545.92
951 1100 366.53 541.32
952 421 882.02 1536.60
953 902 182.18 764.18
954 903 184.02 907.51
955 900 178.56 268.01
956 901 181.85 1087.89
957 906 187.69 953.90
958 907 187.86 747.49
959 904 184.35 997.95
960 905 185.69 936.55
961 420 881.26 598.98
962 908 192.14 265.46
963 909 192.47 824.94
964 854 1478.56 731.14
965 855 1491.72 730.61
966 856 1498.94 975.63
967 857 1499.08 822.73
968 850 1476.45 717.98
969 851 1476.45 762.72
970 852 1476.98 742.72
971 0 1004.08 1024.99
972 858 15.11 562.63
973 859 1507.33 999.23
974 6 1017.99 1061.53
975 616 1124.40 600.23
976 740 1265.09 839.38
977 741 1265.47 529.39
978 742 1265.83 1410.79
979 743 1266.69 540.85
980 744 1269.06 750.09
981 745 127.00 694.62
982 746 1270.30 1237.09
983 747 1270.94 1202.60
984 748 1271.43 828.78
985 749 1272.40 883.81
986 1050 320.83 804.69
987 1051 321.51 1481.25
988 1052 321.73 419.19
989 1053 322.20 443.24
990 1054 322.83 75.47
991 1055 323.04 1005.80
992 1056 325.19 1184.17
993 1057 325.24 823.77
994 1058 325.97 351.76
995 1059 326.40 1500.82
996 1696 871.46 835.24
997 1793 958.97 1238.69
998 1694 870.52 1419.09
999 1695 870.63 542.47
1000 1692 869.24 940.37
1001 1693 869.63 389.17
1002 1690 866.88 547.89
1003 716 124.11 1134.61
1004 1791 957.58 889.66
1005 1698 873.72 1499.56
1006 1699 875.01 700.32
1007 1278 543.59 410.00
1008 1279 543.76 1158.29
1009 618 1129.80 1276.68
1010 714 1234.21 1384.93
1011 1270 534.61 1498.28
1012 713 1231.95 721.40
1013 610 1117.19 1045.71
1014 611 1117.99 1359.38
1015 1274 538.46 871.85
1016 617 1126.32 952.59
1017 614 1121.90 839.61
1018 1277 541.64 1419.09
1019 711 123.54 287.11
1020 710 1226.42 648.63
1021 1472 692.14 982.27
1022 1473 693.59 531.00
1023 1470 691.06 1014.88
1024 1471 691.72 685.10
1025 1476 697.75 1070.82
1026 1477 7.01 1506.63
1027 1474 693.65 915.96
1028 1475 693.80 765.59
1029 1478 70.47 1196.81
1030 1479 700.34 1044.04
1031 1304 564.81 318.05
1032 1305 565.25 950.01
1033 1306 565.26 1378.22
1034 1307 566.54 1369.92
1035 1300 561.90 1105.16
1036 1301 562.13 1212.54
1037 1302 562.81 36.42
1038 1303 563.19 1066.72
1039 1308 566.59 19.42
1040 1309 566.90 1011.85
1041 498 1023.89 802.08
1042 499 1024.43 1553.84
1043 494 1022.51 1496.37
1044 495 1023.79 1266.47
1045 496 1023.79 1295.84
1046 497 1023.79 1308.61
1047 490 1016.13 1527.02
1048 491 1019.00 1224.00
1049 492 1020.60 1541.07
1050 493 1021.56 1369.60
1051 24 1072.96 1249.86
1052 25 1078.07 1268.38
1053 26 1080.82 612.95
1054 27 1083.82 1333.52
1055 20 1061.47 1557.67
1056 21 1062.47 642.98
1057 22 1065.46 985.45
1058 23 1070.39 679.68
1059 28 1085.10 1201.97
1060 29 1088.53 890.91
1061 1241 514.59 359.31
1062 7 1018.05 614.41
1063 410 845.07 803.18
1064 411 853.11 574.58
1065 1087 353.06 167.44
1066 1086 351.80 62.25
1067 1085 350.49 309.33
1068 592 11.98 892.99
1069 1083 350.02 397.50
1070 1082 35.44 1457.52
1071 977 259.61 848.40
1072 976 258.77 1303.31
1073 975 258.47 1455.17
1074 974 253.77 1219.55
1075 973 253.09 733.03
1076 972 252.27 1110.92
1077 971 251.34 72.64
1078 970 249.76 1184.51
1079 596 1100.56 670.14
1080 979 262.87 745.42
1081 978 260.10 1551.35
1082 182 277.88 386.19
1083 183 278.82 598.38
1084 180 274.59 1009.10
1085 181 277.01 280.74
1086 186 282.01 1558.26
1087 187 284.38 667.85
1088 184 281.20 909.65
1089 185 281.25 -2.00
1090 188 284.38 831.46
1091 189 287.81 1362.38
1092 869 1538.56 707.98
1093 868 1536.46 676.39
1094 861 152.25 195.02
1095 860 1509.95 1019.17
1096 863 1527.51 638.50
1097 862 1526.46 826.94
1098 865 1530.14 648.50
1099 864 153.82 723.80
1100 867 1534.88 686.40
1101 866 1531.19 625.86
1102 883 158.49 908.01
1103 882 158.49 780.53
1104 881 158.15 1094.90
1105 880 1563.83 785.88
1106 887 160.99 972.92
1107 886 160.82 1305.15
1108 885 159.04 369.81
1109 884 158.66 997.28
1110 889 162.66 951.56
1111 888 162.66 1217.21
1112 775 1307.70 970.24
1113 774 1306.17 711.92
1114 777 1309.25 1325.22
1115 776 1308.92 1018.93
1116 771 130.46 1127.94
1117 770 1299.59 751.67
1118 773 1302.22 897.81
1119 772 1301.43 788.25
1120 779 131.12 1060.53
1121 778 131.04 287.53
1122 77 1226.14 1071.27
1123 76 1221.95 681.92
1124 75 1220.66 1048.14
1125 74 1215.73 581.46
1126 73 1215.11 779.30
1127 72 1206.66 956.24
1128 71 1203.24 1170.03
1129 70 1201.42 754.56
1130 79 1229.67 529.81
1131 78 1226.16 768.25
1132 1043 316.06 998.46
1133 1042 315.51 1038.00
1134 1041 315.17 1242.24
1135 1040 315.13 545.57
1136 1047 319.01 1089.89
1137 1046 318.27 772.03
1138 1045 317.62 836.02
1139 1044 317.47 202.39
1140 1049 320.79 551.23
1141 1048 319.99 65.08
1142 1681 860.62 560.82
1143 1680 86.80 514.29
1144 1683 861.68 889.18
1145 1682 860.62 722.63
1146 1685 863.41 933.67
1147 1684 862.29 500.35
1148 1687 864.14 1371.84
1149 1686 863.82 1287.86
1150 1689 866.04 825.23
1151 1688 865.09 1191.43
1152 1269 533.87 988.36
1153 1268 533.82 1142.74
1154 669 1179.93 1434.74
1155 668 1178.20 798.33
1156 667 1177.38 1316.60
1157 666 1176.42 1220.48
1158 665 1175.14 1184.72
1159 1260 527.81 867.44
1160 663 1174.41 937.37
1161 662 1172.59 1116.39
1162 661 1172.27 1414.94
1163 660 1172.27 1347.25
1164 264 433.05 -0.74
1165 1469 689.41 54.69
1166 1468 688.46 947.92
1167 1465 686.70 1075.30
1168 1464 686.30 705.54
1169 1467 688.17 487.63
1170 1466 687.24 1313.72
1171 1461 683.51 959.51
1172 1460 683.50 1055.27
1173 1463 685.66 1006.89
1174 1462 684.15 909.05
1175 1317 572.95 879.55
1176 1316 572.35 547.22
1177 1315 572.29 1473.38
1178 1314 572.03 661.75
1179 1313 570.47 502.89
1180 1312 570.37 116.42
1181 1311 570.00 577.87
1182 1310 57.70 1135.95
1183 1319 575.15 1205.86
1184 1318 573.13 1078.81
1185 1010 290.39 47.44
1186 529 1047.87 693.44
1187 319 566.19 718.05
1188 318 565.87 992.65
1189 313 555.85 981.62
1190 312 554.41 1364.17
1191 311 553.58 787.19
1192 310 546.35 978.46
1193 317 563.63 1141.45
1194 316 562.92 278.44
1195 315 562.31 940.47
1196 314 559.39 425.80
1197 1520 733.86 1389.72
1198 443 928.97 1098.62
1199 1334 59.65 354.61
1200 441 922.97 688.65
1201 1336 591.27 1041.23
1202 447 95.39 92.33
1203 446 937.58 1337.35
1204 445 936.17 433.80
1205 1332 587.91 408.11
1206 404 820.99 1389.42
1207 403 82.43 1557.94
1208 1521 735.14 1313.72
1209 964 241.42 947.23
1210 965 243.06 268.86
1211 966 243.59 753.16
1212 967 244.89 1459.52
1213 960 239.42 1300.98
1214 961 239.67 192.48
1215 962 24.34 544.71
1216 963 24.91 1408.27
1217 968 245.67 56.26
1218 969 246.93 1122.60
1219 30 1089.39 1556.83
1220 400 811.83 472.41
1221 1560 77.23 1250.25
1222 641 1152.19 443.49
1223 878 156.49 1009.47
1224 640 1150.67 805.83
1225 876 1551.20 721.14
1226 877 1553.50 1010.78
1227 874 1546.68 1171.83
1228 875 155.49 1286.13
1229 872 1542.25 761.14
1230 873 1545.41 787.46
1231 870 154.82 1360.55
1232 871 1540.67 735.35
1233 642 1152.79 1224.96
1234 9 1018.59 913.03
1235 1245 517.56 1023.33
1236 1532 745.27 866.93
1237 890 163.78 175.94
1238 891 163.83 1248.08
1239 892 168.17 715.79
1240 893 169.17 1285.79
1241 894 169.91 670.72
1242 895 17.32 917.69
1243 896 170.92 195.02
1244 897 172.62 205.21
1245 898 173.96 801.91
1246 899 174.51 1089.23
1247 646 1156.72 755.58
1248 649 1161.41 1347.89
1249 1248 518.60 621.72
1250 422 882.72 549.14
1251 1788 957.17 847.54
1252 1789 957.37 1313.72
1253 768 1296.74 1021.97
1254 769 1299.59 485.32
1255 762 1293.01 800.88
1256 1781 951.95 1057.10
1257 1782 952.90 1336.07
1258 1783 952.90 1461.88
1259 766 1294.59 675.60
1260 767 1295.11 606.65
1261 764 1293.70 972.67
1262 1787 956.10 1278.60
1263 1078 346.72 526.23
1264 1079 347.67 510.67
1265 1076 342.95 456.92
1266 643 1152.97 684.68
1267 1074 339.20 1234.56
1268 1075 340.78 132.48
1269 1072 336.25 812.76
1270 1073 338.20 1065.70
1271 1070 335.15 1019.01
1272 1071 336.18 1478.54
1273 1678 86.76 1552.44
1274 1679 86.80 405.66
1275 1674 859.74 955.48
1276 1675 859.79 604.61
1277 1676 86.48 130.10
1278 1677 86.57 1294.64
1279 1670 856.47 1479.12
1280 1671 857.71 805.54
1281 1672 858.12 728.89
1282 1673 859.09 927.62
1283 1094 360.40 387.13
1284 1095 361.23 1150.47
1285 1096 361.75 937.35
1286 1097 363.23 1203.19
1287 678 1189.46 844.20
1288 1091 359.23 1275.28
1289 1092 359.36 47.76
1290 1534 749.69 683.85
1291 674 1186.00 1198.13
1292 675 1187.19 867.38
1293 676 1188.23 1345.97
1294 677 1188.55 1240.92
1295 670 118.78 1049.51
1296 671 1182.93 1024.41
1297 672 1183.13 1331.28
1298 673 1185.29 626.92
1299 1533 747.81 435.50
1300 1418 649.16 990.69
1301 1419 65.81 1503.40
1302 1410 643.54 966.93
1303 1411 643.79 401.75
1304 1412 644.59 596.69
1305 1413 645.21 327.72
1306 1414 645.43 676.34
1307 1415 645.44 426.97
1308 1416 646.56 859.37
1309 1417 649.16 881.40
1310 1322 579.61 1086.59
1311 1323 579.95 1462.52
1312 1320 576.26 910.01
1313 1321 576.76 1360.98
1314 1326 582.26 385.95
1315 1327 585.66 1089.61
1316 1324 581.08 149.80
1317 1325 581.77 1031.73
1318 1328 586.34 1451.66
1319 1329 586.50 560.89
1320 1480 702.88 405.17
1321 5 1013.72 951.98
1322 1531 743.32 1007.10
1323 1524 74.39 822.91
1324 1525 740.09 787.28
1325 1526 740.52 1045.77
1326 1527 741.35 643.40
1327 1252 52.03 795.55
1328 1253 52.70 865.96
1329 1250 519.19 930.38
1330 1251 519.92 1445.92
1331 1528 741.38 1126.11
1332 1529 742.24 1107.97
1333 1258 525.02 38.31
1334 1259 526.95 1417.18
1335 308 542.00 708.45
1336 309 544.78 1193.52
1337 300 513.41 582.11
1338 301 516.71 679.25
1339 302 518.60 548.63
1340 303 528.51 781.72
1341 304 532.06 1557.67
1342 305 539.72 1518.08
1343 306 54.21 650.62
1344 307 541.39 926.53
1345 473 992.18 1430.91
1346 1443 669.14 456.29
1347 959 239.37 175.94
1348 958 239.08 1188.51
1349 951 229.29 150.74
1350 950 227.24 1189.34
1351 953 231.57 1080.55
1352 952 230.55 161.45
1353 955 234.96 14.69
1354 954 233.91 720.46
1355 957 238.58 982.77
1356 956 237.92 734.14
1357 1442 668.00 105.71
1358 477 1000.16 1317.55
1359 1440 667.32 568.54
1360 1263 529.87 833.69
1361 1262 528.26 411.18
1362 1261 528.23 1451.66
1363 1799 965.72 499.10
1364 1798 965.30 1037.09
1365 719 1240.75 871.03
1366 718 124.95 1212.54
1367 717 124.78 1273.44
1368 1792 957.69 1224.00
1369 715 1237.70 1045.71
1370 1790 957.58 707.41
1371 1797 963.42 778.73
1372 712 1231.34 1158.54
1373 1795 960.57 1306.06
1374 1794 959.93 1332.24
1375 1265 53.53 1497.58
1376 1264 529.92 555.23
1377 1069 334.93 497.94
1378 1068 334.55 1534.51
1379 1061 328.52 1286.96
1380 1060 326.61 19.42
1381 1063 332.27 229.79
1382 1062 329.75 517.27
1383 1065 333.05 449.37
1384 1064 332.94 819.73
1385 1067 333.86 1054.02
1386 1066 333.47 1552.44
1387 1669 856.47 1331.60
1388 1668 856.15 1195.26
1389 1667 855.64 999.76
1390 1666 855.62 560.82
1391 1665 855.31 1215.61
1392 1664 854.16 626.92
1393 1663 852.70 732.64
1394 1662 849.15 673.63
1395 1661 849.13 1266.78
1396 1660 848.11 426.12
1397 591 1098.08 532.13
1398 590 1096.59 1550.01
1399 593 110.00 1314.19
1400 1084 350.38 1038.50
1401 595 110.77 1081.22
1402 594 110.70 706.02
1403 1081 349.77 1548.09
1404 1080 349.77 1532.88
1405 599 1107.51 756.41
1406 598 1102.98 1171.31
1407 1089 353.80 332.43
1408 1088 353.69 71.06
1409 1409 643.18 1356.51
1410 1408 642.85 392.79
1411 1403 642.17 163.66
1412 1402 640.08 922.87
1413 1401 64.54 1218.88
1414 1400 64.38 1107.92
1415 1407 642.54 1465.07
1416 1406 642.47 1001.29
1417 1405 642.38 359.31
1418 1404 642.30 469.28
1419 692 1203.64 883.40
1420 449 952.90 1346.93
1421 448 95.49 332.34
1422 1339 593.86 1099.55
1423 1338 593.14 893.50
1424 1547 760.68 1428.04
1425 1335 59.80 1235.03
1426 442 927.97 828.77
1427 1337 592.04 907.44
1428 440 922.25 1316.92
1429 1331 587.63 917.35
1430 1330 586.98 1487.43
1431 1333 589.33 525.05
1432 444 930.27 456.98
1433 691 1202.40 1078.58
1434 1542 756.21 1265.19
1435 697 1210.59 1399.62
1436 39 1107.47 1314.77
1437 38 1106.47 829.61
1438 1540 754.93 1477.21
1439 33 1094.07 1092.57
1440 32 1092.12 1257.52
1441 31 1091.48 1238.37
1442 1541 755.32 397.55
1443 37 1101.46 886.74
1444 36 1100.63 619.42
1445 35 1099.79 1301.59
1446 34 1098.33 1004.93
1447 1537 753.02 666.33
1448 1536 750.88 1040.58
1449 1535 750.46 1302.87
1450 1242 514.81 1412.71
1451 645 1153.75 1371.52
1452 644 1153.75 1318.51
1453 647 1161.09 1169.40
1454 1246 517.56 810.89
1455 1249 518.65 1480.40
1456 648 1161.09 1196.86
1457 1539 754.77 1022.87
1458 1538 753.86 619.21
1459 339 611.14 998.47
1460 338 607.26 1014.02
1461 335 603.30 1161.65
1462 334 600.39 1352.04
1463 337 606.82 1209.27
1464 336 604.66 979.03
1465 331 597.83 1367.37
1466 330 592.13 1146.23
1467 333 6.96 542.54
1468 332 6.64 308.41
1469 8 1018.59 1160.13
1470 948 225.23 1143.62
1471 949 226.90 707.78
1472 946 222.92 975.05
1473 947 223.57 1117.26
1474 944 221.81 871.22
1475 945 222.90 797.55
1476 942 218.73 914.52
1477 943 22.17 339.40
1478 940 217.89 690.76
1479 941 217.95 18.47
1480 133 1563.83 689.03
1481 132 1563.46 1158.71
1482 131 1563.46 1051.17
1483 130 1563.30 720.61
1484 137 16.49 1231.56
1485 136 158.50 542.54
1486 135 158.49 1458.43
1487 134 157.96 383.94
1488 139 162.84 355.69
1489 138 160.66 1519.84
1490 1354 601.23 163.66
1491 1453 678.08 108.23
1492 708 1223.68 1137.46
1493 709 1224.31 1018.93
1494 704 122.45 1352.87
1495 705 122.95 1235.90
1496 706 1220.80 1447.51
1497 707 1222.41 854.63
1498 700 1211.98 601.48
1499 701 1212.14 1103.53
1500 702 1217.19 737.23
1501 703 1218.23 898.42
1502 88 1259.44 1244.11
1503 89 1267.43 639.25
1504 82 1240.28 1288.82
1505 83 1246.16 637.44
1506 80 1239.53 985.45
1507 81 1239.64 1239.00
1508 86 1254.42 730.10
1509 87 1257.18 961.11
1510 84 1251.95 590.33
1511 85 1253.53 903.90
1512 1658 846.86 559.15
1513 1659 847.43 988.96
1514 1652 843.54 1022.22
1515 1653 843.70 1341.82
1516 1650 84.63 723.40
1517 1651 841.44 688.85
1518 1656 844.98 1463.80
1519 1657 845.94 1203.56
1520 1654 843.70 1375.67
1521 1655 844.41 953.97
1522 586 1092.12 1134.91
1523 587 1094.68 1189.19
1524 584 109.39 149.62
1525 585 1090.83 615.04
1526 582 1089.47 977.31
1527 583 109.10 1118.26
1528 580 1088.74 1120.49
1529 581 1088.93 1530.85
1530 588 1095.83 702.20
1531 589 1096.04 854.63
1532 1436 662.98 978.16
1533 1437 663.41 1022.22
1534 1434 661.70 162.40
1535 1435 662.65 356.01
1536 1432 66.71 453.46
1537 1433 660.82 1071.47
1538 1430 658.77 619.62
1539 1431 66.21 1209.20
1540 418 877.55 1398.66
1541 1438 663.84 895.66
1542 1439 665.86 611.28
1543 1349 60.04 805.22
1544 1348 60.04 740.48
1545 459 972.06 1371.84
1546 1340 594.55 673.42
1547 1341 596.07 931.67
1548 452 959.25 664.87
1549 1343 599.01 925.06
1550 1344 599.11 1429.31
1551 1345 599.38 899.74
1552 456 966.76 737.02
1553 1347 599.91 1051.17
1554 1266 530.06 115.16
1555 656 1167.48 1214.10
1556 1503 719.81 1288.82
1557 1500 716.76 1044.90
1558 655 1166.52 1415.58
1559 652 1164.61 1369.60
1560 653 1166.10 887.99
1561 650 1161.52 790.82
1562 651 1162.37 1235.81
1563 1508 725.40 1054.40
1564 1509 726.04 390.85
1565 658 1170.35 1334.48
1566 659 1171.95 1263.27
1567 322 571.14 1225.89
1568 323 574.11 620.04
1569 320 567.85 -2.00
1570 321 570.86 917.04
1571 326 585.79 611.28
1572 327 588.00 944.51
1573 324 576.04 37.05
1574 325 583.78 1350.76
1575 328 589.10 822.30
1576 329 589.16 1226.56
1577 1592 796.78 348.32
1578 1598 799.99 525.58
1579 995 277.80 1240.57
1580 994 277.79 131.85
1581 997 279.63 1082.22
1582 996 278.51 858.83
1583 991 272.60 1504.62
1584 990 271.79 1327.01
1585 993 277.63 1168.32
1586 992 275.32 1554.07
1587 999 281.57 42.41
1588 998 280.96 1249.91
1589 120 1493.33 939.20
1590 121 1494.87 667.45
1591 122 15.32 1037.17
1592 123 1546.68 985.59
1593 124 1546.98 626.39
1594 125 1553.30 646.92
1595 126 1562.78 668.50
1596 127 1562.94 953.59
1597 128 1563.04 500.85
1598 129 1563.30 577.44
1599 521 1042.33 906.33
1600 722 1245.39 1190.47
1601 1749 925.68 519.12
1602 1645 838.10 625.88
1603 1644 837.68 556.23
1604 1647 838.91 1301.27
1605 1646 838.79 943.17
1606 1641 835.40 1380.78
1607 1640 834.76 760.17
1608 1643 837.47 852.13
1609 1642 836.22 664.87
1610 1649 84.02 1467.97
1611 1648 839.72 604.83
1612 1742 917.34 583.34
1613 1743 918.59 441.96
1614 579 1087.98 965.98
1615 578 1087.28 859.22
1616 604 1110.71 499.70
1617 573 1082.50 939.81
1618 572 1082.49 693.02
1619 571 1081.03 820.01
1620 570 1080.68 931.89
1621 577 1087.08 733.48
1622 576 1084.99 575.00
1623 575 1084.94 1165.61
1624 574 1083.11 1146.74
1625 1209 484.39 1031.98
1626 1208 483.44 37.68
1627 1421 650.45 1080.54
1628 1420 65.88 1333.01
1629 1271 534.87 534.72
1630 1422 650.85 626.30
1631 1425 653.04 948.79
1632 1424 652.76 1346.29
1633 1427 656.48 484.71
1634 1426 656.07 1063.69
1635 1429 657.80 863.26
1636 1428 657.10 581.67
1637 731 1255.96 1036.58
1638 730 1255.61 1208.99
1639 733 1260.08 1183.45
1640 732 1258.01 638.76
1641 735 1262.63 1223.68
1642 734 1261.16 756.40
1643 737 1264.24 1055.86
1644 736 1263.27 874.68
1645 739 1264.59 618.76
1646 738 1264.55 1364.17
1647 1359 609.29 908.55
1648 1358 607.41 1380.14
1649 469 988.03 844.20
1650 468 986.78 668.21
1651 1353 601.22 659.24
1652 1352 600.78 1108.18
1653 1351 600.39 1386.53
1654 466 986.34 1075.53
1655 461 974.89 588.35
1656 1356 603.30 680.93
1657 1355 602.53 552.40
1658 1200 476.08 1450.95
1659 1519 732.31 1035.40
1660 1518 732.09 990.69
1661 1515 730.67 1306.70
1662 1514 73.77 324.19
1663 1517 731.96 470.11
1664 1516 731.34 511.61
1665 1511 728.42 1113.15
1666 1510 728.21 983.78
1667 1513 729.39 1320.11
1668 1512 729.25 698.03
1669 1275 539.45 842.35
1670 357 677.66 1557.67
1671 356 669.89 1102.14
1672 355 667.37 389.49
1673 354 665.01 399.86
1674 353 660.44 754.33
1675 352 651.89 501.81
1676 351 646.37 1291.37
1677 350 642.68 1036.05
1678 359 681.29 761.00
1679 358 680.22 1436.34
1680 43 112.33 331.25
1681 1447 672.55 1140.14
1682 1446 671.91 1325.22
1683 1445 67.79 489.31
1684 484 101.47 544.16
1685 289 492.03 993.50
1686 288 491.72 570.32
1687 1112 376.37 83.66
1688 281 473.36 1079.05
1689 280 471.02 1246.58
1690 283 479.19 829.09
1691 282 475.15 799.00
1692 285 482.20 1009.80
1693 284 481.82 591.07
1694 287 490.05 1150.13
1695 286 484.18 331.72
1696 1117 385.86 553.58
1697 1116 385.76 1006.80
1698 263 430.53 55.95
1699 262 423.30 1294.30
1700 261 416.68 29.49
1701 260 416.06 1557.33
1702 267 435.33 771.29
1703 266 434.81 1043.17
1704 265 434.43 319.70
1705 1561 77.56 1176.16
1706 1031 309.47 448.43
1707 269 438.91 622.19
1708 268 438.49 1021.48
1709 1562 77.99 137.74
1710 1291 552.55 417.54
1711 1564 773.20 356.74
1712 1297 56.76 1425.86
1713 1294 555.42 1147.49
1714 1567 776.15 342.42
1715 988 27.92 310.87
1716 989 271.62 1090.23
1717 982 264.28 292.62
1718 983 266.78 1301.31
1719 980 263.11 1179.83
1720 981 263.28 1098.57
1721 986 268.62 1150.30
1722 987 269.37 251.03
1723 984 267.71 2.09
1724 985 268.45 1194.18
1725 115 1411.17 961.11
1726 114 141.40 1429.74
1727 117 1444.34 733.77
1728 116 1412.78 945.83
1729 111 1375.91 714.29
1730 110 1364.33 776.93
1731 113 14.78 1376.31
1732 112 1378.91 966.59
1733 119 1456.45 763.25
1734 118 1445.25 948.93
1735 1796 963.21 1098.05
1736 1035 313.00 1089.89
1737 1630 825.50 1216.33
1738 1631 825.82 1384.61
1739 1632 826.14 1235.49
1740 1633 826.42 711.37
1741 1634 828.51 521.62
1742 1635 829.72 1001.92
1743 1636 830.18 556.23
1744 1637 831.01 701.78
1745 1638 832.31 965.20
1746 1639 833.16 1231.66
1747 568 1079.57 1127.58
1748 569 1080.40 726.80
1749 560 1071.05 1493.81
1750 561 1071.05 1504.67
1751 562 1072.48 701.78
1752 563 1074.24 1516.80
1753 564 1074.92 491.70
1754 565 1075.19 864.64
1755 566 1075.81 564.16
1756 567 1076.41 1107.79
1757 1188 469.28 846.71
1758 1189 469.79 558.77
1759 1186 465.08 434.28
1760 1187 468.35 1143.46
1761 1184 464.55 41.46
1762 1185 464.61 488.04
1763 1182 46.36 554.31
1764 1183 463.92 57.21
1765 1180 456.34 1153.80
1766 1181 456.83 578.34
1767 726 1251.69 738.51
1768 727 1251.95 613.49
1769 724 1248.79 698.24
1770 725 1250.82 1420.69
1771 1748 925.47 1115.70
1772 723 1247.94 1377.58
1773 720 1242.42 612.74
1774 721 1245.37 746.40
1775 1744 920.47 930.53
1776 1745 922.97 862.14
1777 1746 923.85 1255.29
1778 1747 924.86 1136.40
1779 1740 914.21 642.77
1780 1741 916.82 1236.13
1781 728 1252.31 855.20
1782 729 1254.14 1087.70
1783 1164 439.74 790.74
1784 1165 441.39 850.38
1785 1166 441.97 415.42
1786 1167 442.14 528.13
1787 1160 433.38 515.28
1788 1161 434.94 9.34
1789 1162 435.84 431.45
1790 1163 439.14 370.63
1791 1168 443.80 463.43
1792 1169 444.33 1256.59
1793 1366 614.08 360.25
1794 48 1129.20 665.08
1795 49 113.77 754.16
1796 46 1127.54 1097.44
1797 47 1128.57 880.07
1798 44 1120.02 738.06
1799 45 1120.23 796.24
1800 42 1116.06 883.40
1801 1364 612.44 1064.99
1802 40 1110.85 1176.05
1803 41 1112.93 1025.62
1804 1568 776.65 1449.11
1805 1569 78.66 538.19
1806 1298 560.11 883.96
1807 1299 560.60 998.47
1808 1292 553.13 1429.31
1809 1293 554.99 1096.09
1810 1290 551.10 1055.05
1811 1563 771.40 982.48
1812 1296 558.68 570.79
1813 1565 773.35 1101.49
1814 1566 775.51 1077.73
1815 1295 558.27 895.70
1816 1713 887.94 684.06
1817 474 994.25 985.45
1818 1712 886.48 509.94
1819 1361 61.82 451.29
1820 795 1341.70 732.19
1821 1381 622.70 466.78
1822 1710 883.93 1439.53
1823 1717 889.98 921.79
1824 1716 889.40 437.79
1825 791 1326.96 754.82
1826 1201 476.53 1037.83
1827 1714 888.56 565.83
1828 472 990.53 876.73
1829 1367 614.15 667.17
1830 470 989.28 857.13
1831 471 989.38 1153.44
1832 476 100.70 1537.64
1833 1363 611.58 1118.53
1834 1360 609.98 601.69
1835 475 995.95 913.43
1836 478 1001.44 1233.26
1837 479 1003.67 523.29
1838 1368 614.44 1398.02
1839 1369 615.53 1124.21
