0 344 622.99 569.87
1 345 623.49 1007.71
2 346 624.47 1160.69
3 347 63.18 1400.28
4 340 598.54 1176.23
5 341 604.89 1522.60
6 342 617.60 172.23
7 343 618.58 820.41
8 348 631.58 641.79
9 349 633.29 -6.24
10 298 419.52 240.87
11 299 429.17 1024.76
12 296 416.40 828.90
13 297 417.56 70.24
14 294 412.16 363.94
15 295 414.70 1091.47
16 292 400.37 1537.94
17 293 403.83 814.53
18 290 391.08 951.82
19 291 400.37 1081.92
20 199 1402.24 1227.76
21 198 1399.15 74.17
22 195 1395.23 1101.85
23 194 1394.25 1160.69
24 197 1398.66 353.15
25 196 1395.23 766.48
26 191 1377.08 1031.04
27 190 1371.69 460.53
28 193 1391.31 542.90
29 192 1385.42 183.99
30 270 285.55 1019.95
31 271 287.63 509.07
32 272 297.92 61.42
33 273 299.35 1093.56
34 274 302.33 252.15
35 275 313.74 1266.64
36 276 316.62 1467.06
37 277 325.87 459.06
38 278 339.11 908.67
39 279 344.86 1205.47
40 449 938.26 596.83
41 448 938.26 1186.18
42 443 931.40 1086.16
43 442 929.44 674.30
44 441 927.97 1506.35
45 440 926.49 437.97
46 447 937.28 950.83
47 446 935.81 1305.33
48 445 932.38 908.67
49 444 931.40 727.25
50 108 1122.13 1031.73
51 109 1124.09 991.53
52 102 1103.50 1415.15
53 103 1104.97 814.53
54 100 1087.32 765.50
55 101 1092.71 1123.91
56 106 1119.19 -3.79
57 107 1121.15 1085.67
58 104 1105.46 315.89
59 105 1116.73 612.52
60 39 1565.94 948.91
61 38 1565.94 813.36
62 33 1565.35 892.48
63 32 1565.35 746.45
64 31 1564.05 1470.59
65 30 1464.45 1560.99
66 37 1565.64 143.74
67 36 1565.58 1545.67
68 35 1565.58 1355.67
69 34 1565.36 1103.32
70 438 917.67 831.20
71 439 919.14 1337.69
72 436 911.79 606.64
73 437 912.43 525.23
74 434 910.81 382.08
75 435 911.79 1051.84
76 432 904.92 974.37
77 433 909.82 685.09
78 430 897.08 1259.73
79 431 902.96 841.01
80 339 596.52 600.27
81 338 595.05 98.68
82 335 591.38 1431.70
83 334 588.99 1158.32
84 337 594.56 525.74
85 336 593.09 793.94
86 331 572.49 190.86
87 330 571.51 973.39
88 333 585.73 275.68
89 332 582.30 1049.88
90 0 -0.03 1210.66
91 6 -0.68 602.23
92 99 1084.86 97.21
93 98 1084.86 1054.29
94 91 1072.61 641.94
95 90 1067.70 623.31
96 93 1074.57 697.84
97 92 1074.08 1361.22
98 95 1078.00 931.71
99 94 1078.00 1247.47
100 97 1079.96 1485.76
101 96 1079.47 659.59
102 238 1522.71 987.12
103 239 1527.61 938.09
104 234 1512.90 182.03
105 235 1519.77 532.11
106 236 1521.24 1037.62
107 237 1521.73 678.22
108 230 15.50 83.97
109 231 1501.72 1198.57
110 232 1502.11 834.14
111 233 1505.82 1453.74
112 1 -0.18 117.31
113 146 1230.49 855.71
114 147 1234.41 374.23
115 144 1225.58 1014.57
116 145 123.37 9.45
117 142 1221.66 824.34
118 143 1224.60 1160.69
119 140 1218.72 857.68
120 141 1219.70 675.28
121 148 1236.19 710.22
122 149 1236.72 1326.55
123 133 1188.81 92.31
124 132 1180.96 1355.34
125 131 1180.47 625.27
126 130 118.90 63.69
127 137 120.43 707.66
128 136 1193.71 317.85
129 135 1192.24 1181.28
130 134 1190.08 609.90
131 139 1217.77 1395.51
132 138 1211.85 489.95
133 24 1349.14 -5.26
134 25 1384.44 -5.26
135 26 14.11 1559.77
136 27 1407.76 1559.46
137 20 1212.83 740.00
138 21 1222.15 -6.73
139 22 1277.52 1559.46
140 23 1313.84 1161.67
141 28 142.00 -7.23
142 29 1428.57 837.08
143 407 836.28 466.41
144 406 83.66 325.69
145 405 83.17 42.79
146 404 824.02 1303.36
147 403 821.08 101.13
148 402 820.10 1414.17
149 401 813.72 1109.69
150 400 812.74 923.38
151 409 841.18 1212.66
152 408 840.69 649.30
153 379 749.00 723.33
154 378 745.57 495.34
155 371 713.70 918.47
156 370 712.72 768.44
157 373 731.35 1215.60
158 372 715.17 582.61
159 375 735.76 1534.71
160 374 731.84 225.67
161 377 739.99 1163.54
162 376 736.75 406.10
163 393 791.17 692.93
164 392 787.74 556.14
165 88 1060.35 1457.32
166 390 784.31 999.87
167 397 808.67 1547.20
168 396 806.86 1143.03
169 395 799.51 36.41
170 394 791.66 678.71
171 82 1032.89 1429.86
172 83 1044.17 563.49
173 399 812.74 408.56
174 398 810.29 1312.19
175 86 1049.56 326.67
176 87 1049.56 960.15
177 84 1044.66 1205.30
178 85 1046.13 901.80
179 7 0.31 1319.00
180 245 155.24 470.82
181 244 1548.53 1188.33
182 247 164.40 978.54
183 246 1550.26 1318.90
184 241 1535.46 760.60
185 240 1528.81 1562.52
186 243 1547.71 1105.28
187 242 1544.77 1128.82
188 249 175.13 1079.76
189 248 167.50 649.79
190 458 961.89 1544.14
191 459 962.29 302.16
192 450 943.17 671.36
193 451 946.26 306.89
194 452 948.07 511.52
195 453 956.89 1217.56
196 454 957.38 51.12
197 455 957.87 967.50
198 456 959.84 1022.42
199 457 960.33 364.92
200 179 1325.60 494.85
201 178 1320.21 230.57
202 177 1316.78 618.41
203 176 1312.86 64.36
204 175 1310.90 1116.56
205 174 1306.97 937.11
206 173 1306.97 818.45
207 172 1305.01 1196.97
208 171 1302.07 705.68
209 170 1298.15 1183.24
210 182 1336.39 802.76
211 183 1337.37 921.42
212 180 1330.51 400.71
213 181 1336.10 1254.19
214 186 1358.46 289.41
215 187 1364.83 25.14
216 184 1343.26 115.35
217 185 1357.96 947.89
218 188 1367.77 608.60
219 189 1367.77 714.51
220 11 1.84 1050.62
221 10 1.05 916.58
222 13 1006.32 1559.46
223 12 1.84 1414.08
224 15 1049.56 -5.75
225 14 1041.23 653.71
226 17 111.60 -5.26
227 16 1107.45 1560.99
228 19 1201.56 1239.63
229 18 1150.57 1275.91
230 322 528.37 1050.86
231 323 541.11 1027.32
232 320 516.60 717.45
233 321 525.72 1518.84
234 326 550.92 200.67
235 327 550.92 747.85
236 324 548.96 1079.29
237 325 550.79 1487.81
238 328 562.73 1215.62
239 329 568.57 12.39
240 201 1407.76 1367.93
241 200 1403.07 620.37
242 203 1411.90 682.15
243 202 1409.94 882.19
244 205 1413.37 1090.57
245 204 1412.73 918.37
246 207 142.67 846.58
247 206 1418.76 813.55
248 209 1425.63 241.85
249 208 1424.14 979.70
250 77 1017.69 1105.77
251 76 1012.79 853.75
252 75 1009.36 213.90
253 74 1007.40 1295.52
254 73 1002.00 804.72
255 72 1000.53 996.43
256 71 0.31 1521.43
257 70 983.34 1560.99
258 79 1021.12 1172.94
259 78 1019.16 1381.81
260 2 -0.18 21.21
261 8 0.31 648.32
262 120 1159.39 1472.03
263 121 1165.27 1236.68
264 122 1166.25 162.91
265 123 117.98 355.11
266 124 1172.14 1334.74
267 125 1174.10 1253.35
268 126 1175.08 1048.41
269 127 1178.51 873.37
270 128 1179.49 1110.67
271 129 1179.49 410.52
272 414 860.30 505.15
273 415 863.74 1044.97
274 416 865.21 1352.40
275 417 867.17 1450.46
276 410 842.16 947.89
277 411 844.12 1037.13
278 412 846.57 181.54
279 413 850.99 885.13
280 418 871.58 1203.83
281 419 875.01 259.99
282 319 515.72 1078.48
283 318 512.19 846.85
284 313 477.37 140.85
285 312 476.13 941.23
286 311 472.00 1184.58
287 310 471.49 19.25
288 317 500.91 213.41
289 316 500.65 1444.83
290 315 496.01 806.68
291 314 492.30 1135.64
292 3 -0.68 426.70
293 368 701.93 140.85
294 369 702.91 1090.08
295 366 689.19 889.06
296 367 698.01 627.32
297 364 687.72 1396.52
298 365 688.21 1066.55
299 362 680.36 70.24
300 363 686.49 942.66
301 360 677.91 679.69
302 361 68.46 115.35
303 380 754.67 1513.53
304 381 755.87 1195.01
305 382 764.20 1249.43
306 383 764.48 1340.97
307 384 768.62 1031.24
308 385 768.62 978.29
309 386 772.54 365.41
310 387 779.89 415.91
311 388 78.52 1503.03
312 389 782.83 1464.19
313 252 198.39 159.97
314 60 720.63 1560.43
315 61 749.49 -6.73
316 258 230.98 1340.47
317 63 812.74 1068.51
318 64 823.99 1560.99
319 65 879.92 -7.72
320 66 91.50 415.91
321 67 941.69 -6.73
322 68 945.03 1559.46
323 253 199.67 1170.24
324 250 191.03 614.48
325 251 196.43 427.68
326 256 22.86 621.84
327 257 225.63 1304.15
328 254 219.61 1277.59
329 255 219.61 1490.76
330 465 987.29 1144.02
331 464 984.84 133.49
332 466 989.25 713.53
333 461 970.62 584.08
334 460 963.76 816.49
335 463 983.86 1267.08
336 462 981.41 671.36
337 168 1292.26 1170.49
338 169 1295.21 1076.35
339 164 1280.50 434.05
340 165 1283.65 1539.54
341 166 1287.36 337.95
342 167 1288.34 786.09
343 160 1272.65 540.94
344 161 1276.57 639.00
345 162 1278.04 161.93
346 163 1279.07 1289.86
347 9 1.05 739.90
348 357 669.57 957.70
349 356 664.93 603.53
350 355 659.43 1336.19
351 354 658.79 1141.07
352 353 658.30 745.40
353 352 646.41 1314.22
354 351 646.04 772.36
355 350 640.44 1469.65
356 359 672.52 42.79
357 358 67.48 567.41
358 216 1445.24 142.81
359 217 1454.56 1071.94
360 214 1438.41 1432.29
361 215 1439.36 415.42
362 212 1435.00 1004.97
363 213 1438.38 968.49
364 210 1425.63 56.51
365 211 1429.55 600.76
366 218 1457.99 582.12
367 219 1461.91 649.79
368 289 387.16 183.01
369 288 386.97 1361.90
370 4 -0.68 485.53
371 281 346.65 1052.07
372 280 346.46 296.27
373 283 36.10 30.04
374 282 353.82 118.29
375 285 367.55 1222.19
376 284 361.97 1394.05
377 287 376.50 1133.25
378 286 371.47 1000.85
379 263 245.46 550.25
380 262 242.61 1164.11
381 261 242.52 213.90
382 260 24.84 1205.51
383 267 269.68 1299.98
384 266 267.15 1150.30
385 265 26.38 1113.50
386 264 259.46 1432.91
387 269 276.33 1536.28
388 268 273.85 1336.30
389 59 706.84 986.14
390 58 683.30 1282.47
391 55 577.66 1560.43
392 54 502.87 -6.24
393 57 680.85 418.85
394 56 666.92 1560.43
395 51 444.54 1560.63
396 62 797.79 1561.18
397 53 499.46 1559.43
398 52 447.96 -5.26
399 259 235.65 381.59
400 50 41.00 139.87
401 115 1144.68 77.60
402 114 1142.72 1067.04
403 117 1153.02 1131.27
404 116 1152.04 730.20
405 111 1133.89 250.19
406 110 1128.99 1519.10
407 113 1136.84 357.07
408 69 95.39 1561.30
409 119 1159.39 1220.01
410 118 1157.92 1207.76
411 429 894.13 322.26
412 428 890.70 1428.88
413 421 878.44 1050.86
414 420 877.46 1266.59
415 423 879.43 1001.83
416 422 878.94 1371.03
417 425 882.37 951.82
418 424 882.37 627.23
419 427 889.48 852.45
420 426 884.33 536.03
421 308 461.68 976.33
422 309 463.65 779.23
423 300 445.01 861.60
424 301 445.14 1258.00
425 302 447.96 57.50
426 303 452.90 1467.51
427 304 455.97 1228.40
428 305 457.76 318.34
429 306 46.31 1308.26
430 307 460.70 933.18
431 229 1494.27 701.76
432 228 1492.80 1157.25
433 227 1490.35 785.11
434 226 149.06 886.53
435 225 1483.48 202.63
436 224 1482.50 477.20
437 223 1482.01 1133.72
438 222 1471.72 124.18
439 221 1462.92 1528.81
440 220 1462.40 1065.08
441 391 784.78 1207.23
442 89 1060.35 17.78
443 151 1243.72 281.57
444 150 1243.72 110.94
445 153 1255.00 894.94
446 152 1248.14 1135.19
447 155 1257.94 1222.46
448 154 1255.98 1011.63
449 157 1261.86 1201.87
450 156 1257.94 739.02
451 159 1271.67 1138.13
452 158 127.94 754.56
453 112 1134.57 1005.98
454 80 1030.93 275.68
455 81 1032.16 334.13
456 48 270.46 -6.24
457 49 378.33 -8.21
458 46 24.33 -6.24
459 47 261.01 1559.77
460 44 174.85 325.69
461 45 190.05 -7.23
462 42 1566.64 647.52
463 43 1567.11 1320.43
464 40 1565.96 1190.48
465 41 1566.64 600.73
466 5 -0.68 506.13
