0 133 45.70 953.64
1 132 447.88 726.56
2 131 44.32 56.60
3 130 435.14 1351.80
4 137 533.60 466.75
5 136 533.60 390.26
6 135 500.63 569.62
7 134 5.41 626.99
8 139 545.47 766.12
9 138 534.92 106.72
10 166 941.11 1064.18
11 24 1362.48 838.00
12 25 1456.77 1157.81
13 26 1456.77 399.49
14 92 1398.74 221.45
15 20 130.04 818.88
16 21 1310.38 1097.15
17 22 1315.00 881.52
18 23 1340.72 137.05
19 160 842.02 1561.05
20 28 1493.04 1060.88
21 29 1543.15 839.32
22 161 846.16 569.62
23 0 -0.80 1049.55
24 4 0.14 530.72
25 8 0.80 90.89
26 163 900.23 1130.12
27 120 355.56 1007.47
28 121 358.20 470.71
29 122 372.70 657.98
30 123 381.94 378.39
31 124 385.89 916.47
32 125 391.17 609.19
33 126 396.44 523.46
34 127 397.76 872.95
35 128 406.99 304.54
36 129 416.23 830.75
37 91 1391.49 1045.05
38 59 809.23 688.31
39 58 803.96 983.73
40 55 732.74 290.03
41 54 709.00 981.09
42 57 772.31 646.11
43 56 749.89 775.36
44 51 570.53 704.14
45 50 527.01 857.12
46 53 66.04 1046.64
47 52 575.80 566.98
48 90 1374.35 317.07
49 115 281.11 1066.99
50 114 247.42 325.64
51 88 1339.40 1200.01
52 89 1349.29 892.07
53 111 176.48 1221.02
54 110 174.88 384.99
55 113 220.38 88.91
56 112 192.69 252.45
57 82 1264.22 61.88
58 83 1270.82 1163.09
59 80 1239.83 656.00
60 81 1240.49 123.86
61 119 35.75 550.50
62 87 1338.99 1444.80
63 84 1292.58 309.15
64 85 1317.64 678.42
65 27 1487.10 2.53
66 3 0.14 297.29
67 7 0.80 737.11
68 108 16.64 1017.58
69 109 173.56 702.82
70 102 150.48 194.42
71 103 1512.16 237.28
72 100 1475.23 726.56
73 101 1476.55 44.73
74 106 1535.90 501.04
75 107 1558.32 344.10
76 104 1522.05 960.65
77 105 1534.58 1167.04
78 39 236.87 3.85
79 38 159.72 518.85
80 33 1558.98 1522.47
81 32 1558.32 505.00
82 31 1557.66 975.16
83 30 1557.66 753.60
84 37 1560.96 1127.48
85 36 1559.64 242.55
86 35 1559.64 1180.23
87 34 1559.11 110.08
88 86 1319.61 210.90
89 60 839.57 603.91
90 61 881.77 1033.84
91 62 887.70 1.87
92 63 901.55 953.40
93 64 95.09 679.74
94 65 1004.77 1273.33
95 66 1009.69 958.67
96 67 101.03 15.72
97 68 1018.26 336.85
98 69 1039.65 1200.67
99 2 -3.71 924.58
100 162 890.34 26.93
101 6 0.80 192.44
102 99 1466.00 330.92
103 98 1456.77 1272.55
104 168 971.45 1161.77
105 164 913.42 919.11
106 165 932.54 578.19
107 93 1404.02 701.50
108 167 962.87 228.71
109 95 141.91 779.31
110 94 1405.34 1235.62
111 97 145.21 102.10
112 96 1432.37 925.04
113 11 1080.33 1000.14
114 10 1019.58 0.55
115 13 118.17 -0.11
116 12 1084.21 455.54
117 15 1207.51 911.19
118 14 1191.69 111.99
119 17 1232.57 1062.86
120 16 1220.70 35.50
121 19 1253.01 1560.71
122 18 125.43 594.02
123 118 336.44 145.62
124 117 319.95 847.89
125 116 304.13 357.29
126 151 748.57 478.62
127 150 728.78 552.48
128 153 773.62 396.86
129 152 767.03 671.17
130 155 79.27 480.60
131 154 776.26 1086.60
132 157 822.42 896.69
133 156 796.70 346.08
134 159 839.57 803.05
135 158 829.67 235.30
136 48 489.42 1.87
137 49 507.22 1035.16
138 46 352.92 770.08
139 47 439.96 475.99
140 44 331.82 2.53
141 45 341.05 251.79
142 42 298.55 1555.24
143 43 3.44 2.53
144 40 238.84 110.01
145 41 240.82 548.52
146 1 -3.71 1470.96
147 5 0.14 642.82
148 9 1.46 400.15
149 146 641.74 800.41
150 147 699.77 644.79
151 144 596.24 88.91
152 145 624.60 866.35
153 142 590.97 4.51
154 143 592.95 954.72
155 140 545.58 1119.30
156 141 570.53 1049.67
157 148 719.55 886.14
158 149 727.47 259.70
159 77 1197.62 376.41
160 76 1196.96 1126.16
161 75 1189.05 946.80
162 74 1164.65 543.90
163 73 1156.74 634.90
164 72 1121.02 1090.24
165 71 1057.17 892.73
166 70 1045.96 249.81
167 79 1229.93 201.67
168 78 1212.13 297.29
