0 133 430.07 751.35
1 164 700.69 1515.34
2 131 389.65 372.01
3 130 372.55 751.35
4 137 479.04 190.11
5 136 464.28 396.88
6 135 434.74 505.71
7 134 431.63 916.14
8 139 481.67 1515.34
9 138 481.38 288.05
10 166 703.70 710.93
11 24 1554.10 989.21
12 25 1555.66 1360.78
13 26 1555.66 721.81
14 167 703.72 1167.20
15 20 1552.55 1121.36
16 21 1552.55 1209.98
17 22 1552.55 881.94
18 23 1554.10 1513.14
19 160 60.06 274.06
20 28 1557.21 480.83
21 29 1557.99 28.42
22 161 60.06 395.33
23 0 -0.57 1405.87
24 4 -0.57 913.04
25 8 0.98 488.61
26 96 1397.08 987.66
27 119 234.18 396.88
28 120 240.40 751.35
29 121 265.28 384.44
30 122 300.99 1515.34
31 123 302.87 1307.52
32 124 304.14 1167.20
33 125 305.30 1039.14
34 126 306.42 915.77
35 127 318.91 29.98
36 128 320.47 95.27
37 2 -0.57 595.88
38 59 1116.52 1167.20
39 58 1110.52 1515.34
40 132 428.52 448.19
41 55 1041.06 351.80
42 54 1037.95 605.21
43 57 1044.17 31.53
44 56 1042.62 208.77
45 51 1032.32 970.57
46 50 1031.93 1041.23
47 53 1037.95 476.17
48 52 1033.29 709.37
49 90 1389.31 1124.47
50 66 1123.46 325.37
51 178 810.31 309.81
52 191 908.91 399.99
53 190 908.91 308.27
54 115 160.34 177.67
55 177 809.41 403.10
56 88 1384.75 1515.34
57 89 1387.14 1360.61
58 111 1490.36 476.17
59 110 1487.25 598.99
60 113 1491.92 325.37
61 176 807.86 429.53
62 82 1227.62 31.53
63 83 127.02 1515.34
64 80 1222.96 477.73
65 81 1226.84 288.05
66 86 131.24 1167.20
67 87 132.80 1038.64
68 84 128.35 1405.89
69 85 129.55 1306.54
70 27 1557.21 326.92
71 3 -0.57 784.00
72 129 361.67 382.89
73 7 0.98 390.66
74 108 1484.14 878.83
75 109 1485.70 717.15
76 102 1404.86 28.42
77 103 1476.37 1513.14
78 100 1403.30 154.35
79 101 1403.30 228.98
80 106 1481.03 1209.98
81 107 1482.59 986.11
82 104 1479.48 1359.23
83 105 1481.03 1122.92
84 39 60.84 0.44
85 38 593.31 1561.34
86 33 300.58 1560.47
87 32 1558.77 598.99
88 31 1558.77 236.75
89 30 1558.77 169.90
90 37 573.88 1.99
91 36 481.10 1563.69
92 35 4.02 1515.34
93 34 318.91 1.99
94 162 60.84 26.87
95 114 1493.47 196.33
96 60 1118.69 1041.48
97 61 1118.79 709.37
98 62 1118.79 880.39
99 63 1119.19 1321.76
100 64 1119.35 1002.80
101 65 1119.35 1363.84
102 179 873.16 892.82
103 67 1123.46 606.76
104 68 1125.01 476.17
105 69 1213.41 1515.34
106 175 714.58 28.42
107 174 709.91 465.29
108 173 708.36 403.10
109 172 708.36 308.27
110 171 706.81 603.65
111 170 706.75 819.06
112 182 897.82 1310.87
113 183 900.19 1167.20
114 180 894.45 1515.34
115 181 895.99 1422.24
116 186 902.69 913.04
117 187 904.25 877.28
118 184 902.27 1040.86
119 6 0.98 1169.56
120 188 905.80 477.73
121 189 905.80 606.76
122 185 902.69 712.48
123 99 1400.19 477.73
124 98 1400.19 325.37
125 168 704.82 1040.29
126 169 705.90 915.77
127 91 1389.50 1207.68
128 165 702.48 1309.77
129 93 1392.42 794.88
130 92 1390.13 1167.20
131 95 1397.08 880.39
132 94 1395.53 714.04
133 97 1398.64 602.10
134 163 608.87 1309.24
135 11 1.76 29.98
136 10 1.76 187.00
137 13 1043.39 0.44
138 12 1029.10 1560.47
139 15 1212.84 1560.47
140 14 1109.68 1563.69
141 17 1385.36 1559.88
142 16 126.51 1557.25
143 19 1476.37 1559.78
144 18 1402.52 0.44
145 117 179.77 751.35
146 116 179.77 508.82
147 151 562.22 508.82
148 150 562.22 403.10
149 153 563.77 603.65
150 152 562.22 706.26
151 155 563.78 1039.89
152 154 563.77 754.46
153 157 570.77 31.53
154 156 565.33 917.70
155 159 60.06 1166.45
156 158 58.50 187.00
157 112 1491.92 235.20
158 48 1030.46 1311.62
159 49 1031.25 1167.20
160 46 1030.15 1367.63
161 47 1030.18 878.83
162 44 0.80 1305.81
163 45 1029.34 1515.34
164 42 893.71 1560.47
165 43 910.47 193.22
166 40 700.30 1560.47
167 118 182.88 917.70
168 1 -0.57 275.62
169 5 0.98 1040.52
170 9 0.98 707.82
171 146 55.40 1040.52
172 147 55.40 751.35
173 144 53.84 704.71
174 145 548.23 1167.20
175 142 487.23 1039.66
176 143 53.84 594.33
177 140 484.08 1308.54
178 141 485.74 1167.20
179 148 55.40 913.04
180 149 56.95 505.71
181 77 1221.40 797.99
182 76 1221.40 608.32
183 75 1219.85 710.93
184 74 1219.28 1051.16
185 73 1218.29 881.94
186 72 1217.81 1167.20
187 71 1216.33 1284.34
188 70 1215.37 1360.61
189 79 1222.96 325.37
190 78 1221.40 989.21
191 41 716.13 1.99
