0 26
0 77
0 15
1 68
1 86
2 48
2 82
2 27
2 26
2 15
3 32
3 9
3 89
4 10
5 16
5 72
6 49
6 53
7 32
7 64
7 37
7 73
7 42
7 45
8 38
9 11
9 89
9 44
9 32
10 20
10 66
10 51
10 13
12 52
13 51
13 20
13 66
14 25
14 50
14 41
15 77
15 19
15 26
15 28
17 88
17 89
17 75
17 35
18 49
18 53
19 40
19 27
19 28
20 51
20 66
21 24
21 88
21 67
22 76
23 77
24 88
24 67
25 41
25 50
26 28
27 48
27 82
28 78
28 57
28 58
29 56
29 62
29 31
30 76
32 89
32 62
33 42
33 39
34 69
34 79
35 88
35 75
35 89
36 72
36 81
36 68
36 86
37 64
37 73
37 42
39 42
41 50
42 64
42 73
42 45
43 86
45 64
45 73
45 59
46 72
47 65
47 54
48 82
49 60
49 53
51 66
53 60
55 56
55 86
56 86
57 84
57 58
57 78
58 78
61 85
63 82
64 73
67 89
67 71
68 72
68 86
70 85
71 74
72 86
75 88
75 89
80 83
80 87
81 83
83 87
88 89
