0 28
0 27
0 20
0 14
0 31
1 42
1 11
1 58
2 50
2 52
3 51
3 46
4 46
5 9
6 24
6 33
6 34
6 45
7 37
7 22
8 16
8 60
9 48
9 52
10 32
10 26
10 53
10 47
11 19
11 58
11 35
12 49
12 36
12 44
13 58
13 35
14 28
14 27
14 20
14 31
15 55
17 39
17 43
17 29
17 23
17 57
17 61
18 22
20 27
20 28
20 31
21 59
22 25
22 28
22 37
25 28
26 32
26 53
26 47
27 28
27 31
28 31
29 39
29 61
29 43
29 57
30 33
30 45
32 53
32 47
33 34
33 45
34 45
35 58
36 49
36 44
38 56
38 54
39 61
39 43
39 57
40 59
41 55
42 58
43 57
43 61
44 49
46 51
47 53
50 52
54 56
57 61
