0 24
0 3
1 40
1 74
1 51
1 26
1 6
2 56
2 72
3 24
4 48
4 14
5 41
5 50
5 44
6 19
6 8
6 74
6 40
6 51
6 58
7 49
7 10
7 28
7 22
7 39
8 32
8 58
8 45
8 15
9 64
9 75
10 49
10 39
10 22
11 57
11 34
11 27
12 58
13 68
13 28
13 49
13 39
14 48
15 32
15 75
15 45
16 81
16 63
17 38
18 66
18 31
18 62
18 71
19 40
19 51
20 48
20 65
20 53
21 79
22 49
22 39
23 33
23 36
23 41
23 75
23 45
23 52
23 27
25 54
26 40
26 51
27 34
27 45
27 55
27 57
28 49
28 39
29 69
30 49
31 66
31 62
31 71
32 45
33 36
33 52
33 78
34 57
35 66
36 52
36 70
37 79
38 60
39 49
40 51
42 72
43 59
43 46
43 54
44 50
47 81
48 53
48 65
50 69
51 58
53 65
53 67
54 59
56 72
61 79
62 66
62 67
62 71
62 80
64 75
66 71
66 80
69 76
70 73
70 77
71 80
73 77
