0 33
0 67
0 70
0 43
0 55
1 66
1 37
1 72
1 74
1 49
1 54
1 62
2 66
2 23
3 63
3 6
3 23
4 12
5 48
5 46
6 23
6 63
6 15
7 82
7 78
8 38
9 35
9 40
9 77
9 80
9 21
9 60
10 77
10 31
11 56
12 48
12 46
13 22
14 73
14 44
14 46
14 79
14 18
14 24
14 58
15 58
15 63
15 23
16 20
16 29
17 85
19 68
20 29
20 22
21 80
21 60
21 77
21 40
23 66
23 77
23 85
23 24
23 28
24 58
24 28
24 46
25 27
25 61
26 77
27 76
27 61
28 85
30 53
31 34
31 77
32 86
33 43
33 55
34 77
36 71
37 66
37 74
37 49
39 84
40 80
40 60
40 77
41 75
42 83
43 67
43 70
43 55
44 73
44 46
45 80
45 60
45 78
46 48
46 73
47 80
47 81
47 60
47 77
47 78
49 66
49 74
50 69
51 68
52 80
54 72
54 74
54 62
55 67
55 70
57 75
58 79
58 71
59 77
60 77
60 80
62 72
62 74
64 65
66 74
72 74
77 78
77 80
78 80
