0 74
0 43
0 12
0 2
0 14
1 140
1 78
2 49
2 74
2 43
2 12
2 17
3 152
4 42
4 106
5 10
5 86
5 69
5 46
6 128
6 106
6 143
7 41
7 53
7 31
8 16
8 57
8 83
8 13
8 119
9 11
9 45
9 18
9 23
9 24
9 60
9 62
10 86
11 92
11 23
11 28
11 87
12 16
12 43
12 74
13 57
13 138
13 83
13 103
15 133
16 57
16 119
18 24
18 45
18 62
19 137
19 139
19 113
19 21
19 88
19 63
20 59
20 148
21 113
21 84
21 37
22 133
23 92
23 28
23 87
24 120
24 62
24 64
25 124
25 85
26 145
26 29
26 77
26 109
27 89
27 36
27 142
28 87
28 92
29 66
29 35
29 77
29 109
29 145
30 40
30 90
30 147
31 70
32 73
32 90
32 99
33 112
33 72
33 38
34 129
35 145
35 66
35 77
35 109
37 113
38 112
38 72
39 48
39 148
39 149
40 121
41 59
41 54
44 95
45 98
45 60
45 61
46 64
46 86
46 69
47 50
49 116
49 74
51 112
51 52
51 108
51 100
55 117
55 79
56 148
57 83
58 144
59 135
59 111
59 153
59 95
60 98
60 61
61 92
61 98
61 87
62 120
63 131
63 132
63 113
63 82
63 89
63 126
65 135
66 110
66 109
67 112
68 142
69 86
71 73
71 93
71 102
72 100
73 81
75 86
76 94
76 127
77 145
77 109
79 117
80 134
81 114
81 123
82 89
82 132
82 126
83 138
83 103
84 120
84 113
87 100
87 92
88 137
88 139
91 144
91 94
93 136
93 150
93 102
95 148
95 153
95 122
96 101
96 102
97 133
100 108
101 102
103 138
104 112
105 136
105 125
105 141
105 150
105 151
106 128
106 143
107 129
108 112
109 144
109 145
112 133
112 146
112 118
114 123
115 120
126 132
128 143
130 147
131 132
135 148
135 153
136 141
136 150
136 151
137 139
141 150
141 151
