0 18
0 91
0 4
0 10
0 15
1 3
1 76
1 13
1 78
2 68
2 36
2 44
2 69
2 77
3 78
5 68
5 37
5 73
5 77
5 21
5 36
5 27
6 57
7 38
8 82
8 29
9 72
9 66
11 12
11 94
12 52
13 76
13 33
14 25
14 59
14 85
14 93
15 18
15 91
16 61
17 94
18 91
19 93
19 46
20 73
20 51
21 59
21 36
21 71
21 27
21 37
22 41
22 66
22 75
23 48
23 34
23 28
23 46
24 44
24 69
24 77
25 60
25 85
25 55
26 90
26 67
26 92
28 34
28 39
28 46
28 48
28 84
28 63
29 82
30 32
30 60
30 85
30 70
30 55
31 79
32 55
32 60
32 70
32 85
33 74
34 48
34 47
34 46
35 88
35 80
35 54
36 37
36 68
38 56
39 63
40 56
41 66
41 75
42 79
43 51
44 69
44 77
45 68
45 69
46 48
47 48
47 65
49 61
50 66
51 56
53 87
54 88
54 80
55 60
58 85
58 71
59 71
60 70
60 85
62 64
62 73
62 86
62 81
63 84
66 72
66 75
67 92
67 90
68 69
69 77
70 85
73 86
74 83
74 92
74 95
80 88
81 86
83 95
89 94
90 92
92 95
