0 32
0 12
1 72
1 56
1 43
1 12
1 23
2 11
2 81
2 59
2 31
2 79
3 82
3 50
3 61
3 30
4 15
5 14
6 62
7 33
7 10
7 44
7 52
7 9
8 83
8 39
9 80
9 34
9 10
11 79
12 66
12 32
12 56
13 65
13 34
13 62
14 24
14 73
14 58
14 19
15 68
15 19
15 22
15 24
15 27
15 28
16 72
16 82
16 69
17 40
17 72
17 55
18 82
18 34
18 62
19 68
19 22
19 24
19 27
19 28
20 34
20 54
21 82
21 46
21 62
22 70
22 48
22 24
22 58
22 28
23 72
23 43
23 56
24 68
24 78
24 58
24 27
25 65
25 45
25 54
26 35
26 71
27 58
27 68
28 48
28 70
29 52
30 67
30 82
32 57
33 44
34 71
34 80
34 62
35 82
36 56
36 74
36 43
37 38
38 49
38 57
40 82
41 75
42 75
43 72
43 56
45 76
45 54
47 71
48 70
50 61
51 84
52 80
53 77
54 65
58 78
60 65
62 82
62 71
62 79
63 64
64 83
69 72
