0 33
0 35
0 40
0 15
0 16
0 17
0 29
1 48
1 56
1 29
1 7
2 28
2 21
3 25
3 42
3 19
3 60
4 25
4 42
5 54
6 39
7 48
7 57
8 14
9 56
10 29
11 34
11 13
12 49
13 34
13 30
15 33
15 35
16 17
16 29
16 40
17 29
17 40
18 40
18 28
19 25
19 42
19 60
19 57
20 44
20 46
20 51
20 59
20 28
20 30
21 41
22 34
22 27
22 44
22 55
23 52
23 45
24 43
24 53
25 42
25 48
25 60
26 40
26 47
27 34
27 38
28 36
28 44
28 59
29 40
29 56
29 31
30 51
32 57
33 35
34 39
34 55
36 40
36 58
37 51
39 44
39 55
40 47
42 60
43 53
44 55
44 59
45 52
45 53
50 54
52 53
