0 43
0 118
0 126
0 87
1 58
1 61
1 78
1 69
2 49
3 65
3 101
3 73
3 110
3 57
3 121
4 116
4 109
4 31
5 16
5 39
5 119
6 120
6 38
7 17
7 83
7 55
8 114
8 21
8 15
9 107
9 25
9 123
9 29
10 137
10 11
11 137
12 68
13 136
13 63
14 60
15 122
15 45
15 138
15 21
17 108
17 83
17 54
17 55
17 30
18 97
18 27
19 91
19 53
20 83
20 92
20 70
21 81
22 129
22 102
23 80
23 115
23 52
24 90
24 134
25 107
25 123
25 29
26 78
26 47
27 97
28 36
28 95
29 107
29 123
30 82
30 108
30 74
31 116
31 109
32 71
33 59
34 41
34 42
35 128
35 124
35 85
36 132
36 95
37 67
38 120
39 113
39 50
39 119
40 46
41 42
43 75
43 126
44 106
44 100
45 122
45 138
46 112
47 67
47 114
48 125
49 104
50 113
50 119
51 71
52 80
52 115
53 91
55 83
56 60
56 135
57 96
57 65
57 67
57 76
57 110
58 77
59 72
60 135
60 111
61 69
61 78
62 88
62 79
62 131
62 103
63 136
64 127
65 96
65 67
65 110
66 94
66 102
67 96
67 114
68 127
69 78
73 121
73 101
73 110
74 82
74 108
79 88
79 131
79 103
80 115
82 108
84 132
84 86
84 95
85 128
85 124
86 132
86 95
88 103
88 131
89 133
89 93
90 134
91 117
91 125
93 133
94 102
95 132
98 130
99 105
99 119
101 110
101 121
102 129
103 131
105 119
109 116
110 121
113 119
122 138
124 128
129 130
