0 45
0 70
1 14
2 70
3 32
3 81
3 50
3 53
4 25
4 58
4 69
5 75
5 76
6 50
6 46
7 11
7 44
8 71
8 72
8 41
8 42
8 79
8 82
8 27
8 74
8 30
9 58
9 69
9 38
10 72
10 71
10 52
10 79
11 57
12 17
12 50
12 53
13 14
14 33
14 37
14 15
16 65
16 45
17 59
17 77
17 53
18 24
18 60
19 48
19 25
19 28
20 48
20 58
21 51
22 35
22 68
23 76
24 38
25 32
25 69
25 58
25 28
26 28
27 41
27 42
27 79
27 72
27 82
27 74
28 51
28 65
28 47
28 49
28 55
29 39
30 79
30 52
30 71
31 45
32 64
32 53
34 64
34 81
36 57
39 56
39 78
40 51
41 42
41 79
41 72
41 82
41 74
42 71
42 74
42 79
42 72
42 82
43 70
47 49
47 67
47 55
47 65
49 65
52 72
52 71
52 79
53 64
54 62
55 61
56 78
58 69
63 76
64 81
66 73
68 80
71 79
71 72
72 74
72 79
72 82
74 79
74 82
79 82
