0 5
0 38
0 71
0 81
0 51
0 58
1 9
1 75
1 12
1 37
2 26
2 19
2 46
2 55
3 67
3 75
4 16
4 73
4 43
4 5
4 49
5 38
5 73
5 43
5 16
5 49
6 24
6 74
6 54
7 70
8 26
8 38
9 12
9 30
9 15
10 20
10 78
11 41
11 55
11 39
12 32
13 42
14 38
15 28
15 44
16 73
16 49
16 79
17 40
17 61
18 31
19 46
19 55
21 65
21 66
21 77
21 22
22 66
22 77
23 42
24 74
25 52
26 38
27 72
27 63
28 48
28 59
28 44
29 34
31 68
33 34
33 69
33 54
34 35
34 42
34 50
34 54
35 50
35 42
36 73
36 69
36 49
37 64
37 75
39 41
39 61
39 45
39 55
40 61
41 47
41 61
41 55
42 50
45 61
46 55
47 61
48 67
48 59
49 73
50 74
50 54
51 81
51 58
51 71
52 76
52 60
53 62
54 74
56 80
57 66
57 70
58 81
58 71
60 76
63 72
65 77
66 82
66 77
67 75
69 73
71 81
75 80
79 81
