0 33
0 21
1 25
1 43
1 30
2 56
2 58
2 51
2 68
3 32
3 33
3 34
3 47
3 18
3 19
3 21
4 17
4 46
4 62
5 40
5 16
5 19
5 61
5 47
6 34
7 56
7 53
8 24
8 52
8 13
8 29
9 49
9 44
9 39
10 63
11 17
11 59
12 31
13 24
14 54
15 17
16 19
17 59
17 71
18 32
18 47
19 32
19 34
19 50
20 42
20 39
21 33
22 26
22 59
22 61
23 48
23 44
24 29
25 43
25 30
26 41
26 59
26 61
27 37
28 58
28 68
29 53
30 43
31 72
31 55
32 34
32 47
33 64
33 55
33 58
35 41
35 65
36 40
36 51
36 66
36 59
36 47
38 57
39 42
39 44
39 49
40 51
40 59
40 47
41 65
41 61
42 70
44 48
45 63
46 62
48 57
48 58
51 68
55 64
55 58
55 72
56 68
56 58
57 64
57 58
58 64
59 61
60 65
67 69
