0 5
0 8
0 10
0 29
0 74
0 95
1 91
1 60
1 31
2 42
2 61
3 11
3 46
3 87
4 17
4 19
4 52
4 22
4 23
4 92
4 62
5 29
6 65
6 68
6 38
7 34
7 99
7 47
8 100
8 41
8 74
8 55
8 27
9 35
10 29
11 46
11 87
12 84
12 50
12 28
12 77
12 79
13 14
14 57
15 80
15 91
15 54
15 86
15 39
16 55
17 92
17 62
17 22
18 63
19 52
20 26
20 98
20 70
21 26
22 92
22 62
23 52
24 45
24 35
24 69
24 94
24 53
25 40
25 26
25 70
26 98
26 70
26 40
27 41
27 100
28 77
29 95
30 81
30 85
30 62
31 60
32 63
33 64
33 82
33 60
33 37
33 78
35 45
35 94
35 69
36 55
38 71
39 80
40 70
41 100
42 44
42 61
42 62
43 98
43 79
44 81
44 85
44 62
45 53
46 51
46 55
48 73
48 66
49 72
49 65
49 96
50 84
50 97
50 75
50 79
51 73
54 80
56 96
58 71
59 96
59 93
60 64
60 78
61 83
62 81
62 85
62 92
64 78
65 96
65 68
66 73
66 95
67 83
69 94
70 98
71 76
75 88
75 97
75 79
77 89
79 97
79 84
80 91
80 86
81 85
90 96
93 96
