0 33
0 67
0 73
0 16
0 53
0 28
1 24
1 42
1 38
1 39
2 14
3 4
3 30
4 12
4 30
5 41
5 11
5 54
6 17
6 7
6 23
7 40
7 17
7 36
7 23
8 32
8 62
9 58
10 71
10 37
10 29
11 41
11 54
13 70
13 14
13 15
14 36
14 70
14 15
15 70
16 67
16 28
16 53
18 32
18 27
19 73
19 59
19 68
20 60
20 21
20 63
21 60
21 51
21 63
22 56
22 69
22 45
23 40
24 42
24 38
24 39
25 51
25 60
25 61
25 29
26 46
27 32
27 49
27 52
28 67
28 53
30 60
30 38
31 50
31 39
32 62
34 72
34 47
35 46
37 57
37 46
37 71
38 39
38 42
38 55
38 60
39 50
39 55
40 47
41 54
43 64
43 44
43 63
44 64
44 66
45 65
46 57
46 71
47 66
48 58
48 69
51 60
53 67
56 72
56 69
57 71
60 63
64 66
68 73
