0 4
0 12
1 8
1 33
1 46
1 30
2 17
2 44
2 47
3 15
5 32
5 40
5 10
5 43
6 48
6 18
6 38
6 31
7 52
7 37
8 46
8 30
8 33
9 25
9 34
9 21
10 32
10 43
11 36
11 13
11 22
13 41
13 26
13 22
14 56
14 27
14 28
15 21
15 39
16 55
17 44
17 54
17 47
18 48
18 58
18 38
18 31
19 27
19 55
20 51
20 29
20 53
21 34
21 39
22 36
23 25
23 34
24 59
24 42
24 35
24 50
25 34
26 57
26 37
26 41
27 56
27 28
27 55
28 56
29 52
29 51
29 53
30 46
30 33
31 48
31 38
32 40
32 43
35 42
35 59
36 49
38 48
40 43
42 59
44 45
44 47
52 53
55 56
