0 34
0 70
1 13
1 61
1 22
1 39
2 41
2 7
3 33
3 26
3 13
3 49
4 58
4 7
5 56
6 14
7 58
8 57
9 35
9 71
10 67
10 28
10 15
11 64
11 53
11 14
11 47
12 30
13 33
13 39
13 22
13 61
13 62
14 64
14 21
14 47
15 67
15 28
16 40
16 27
16 45
17 41
18 50
19 43
19 66
19 51
19 68
20 61
22 38
22 39
22 55
22 61
22 62
23 72
24 50
24 30
25 32
26 33
26 49
27 40
27 45
28 67
29 46
29 47
30 48
31 48
31 65
31 60
32 45
33 49
34 70
35 71
36 59
36 54
37 63
38 61
39 69
39 72
39 57
39 61
40 45
41 58
41 50
42 60
43 51
43 66
43 68
44 50
44 71
47 64
48 65
48 60
50 71
50 61
51 66
51 68
52 67
52 60
54 59
55 62
57 72
57 61
57 69
59 73
60 65
60 67
61 69
61 72
66 68
69 72
