0 8
0 14
1 11
2 57
2 61
2 70
2 37
3 17
3 21
4 32
4 65
4 30
4 71
5 19
6 37
6 57
6 58
6 59
6 26
6 31
7 73
7 60
8 17
8 14
9 53
10 74
10 62
10 63
12 53
13 51
14 46
15 74
16 48
16 41
16 50
16 68
16 39
17 44
17 21
17 63
18 34
18 61
19 72
20 33
20 66
20 69
20 54
21 40
21 41
21 39
22 28
23 63
24 29
25 53
25 54
26 58
26 59
26 37
26 31
27 40
30 32
30 65
31 70
31 73
31 45
31 57
32 43
32 71
33 56
33 36
33 69
33 54
34 35
34 61
35 36
36 56
36 54
37 66
37 61
37 58
37 59
38 64
38 51
38 55
40 41
42 71
44 74
45 70
47 65
48 50
48 68
49 52
50 68
51 64
51 58
51 55
53 54
54 66
54 72
54 56
55 64
57 59
57 70
58 59
58 60
60 73
61 66
65 71
67 71
