0 54
1 32
1 33
1 48
1 17
1 55
1 61
2 40
2 68
2 37
2 6
2 39
3 41
3 76
3 6
3 22
4 83
4 25
4 58
4 51
4 22
5 18
5 43
6 68
6 37
6 70
6 39
6 40
6 21
6 57
6 25
7 8
7 35
7 20
8 34
9 38
10 41
10 66
11 53
12 72
12 22
13 41
13 76
14 53
14 21
15 72
16 59
17 24
17 55
18 78
19 64
19 27
19 53
20 31
20 34
20 35
20 45
21 66
21 27
21 70
22 72
22 25
23 65
23 82
24 55
25 38
25 39
26 48
26 36
26 61
27 71
27 66
27 53
28 59
29 49
29 79
30 51
30 77
32 33
32 52
32 61
32 55
33 55
34 69
36 44
37 67
37 68
37 39
37 40
38 46
39 68
39 40
40 68
40 83
41 66
41 76
42 81
42 74
43 71
46 68
47 58
48 61
48 63
49 79
50 60
51 58
52 81
53 64
53 71
56 79
57 70
57 77
62 67
64 71
65 82
65 79
67 68
71 80
73 81
74 75
